1.9048428063242575 72.00943765605084 85.17526473870001 1
2.076066291572764 73.21196268647554 84.31987832939197 1
1.7646212582997813 78.48977419515187 83.24642363117083 1
1.9696712143053015 75.62229718387513 88.90257057401458 1
1.7907022035199285 75.17266060961737 85.05228375788224 1
1.8370509525559056 74.76980273387917 86.03000555146096 1
1.7018109620868365 74.65203860971407 85.63224011981792 1
1.9854524153593287 76.18357311823573 86.42172819427111 1
1.7085594266019464 73.58864606214335 82.59537189427044 1
1.9459459225467945 67.47537924508953 87.06159910933216 1
1.5970486657560348 72.81544891054925 82.58387334264465 1
1.9192091672065337 78.24994144568207 85.89200820242468 1
1.6882365871761569 75.40212049008719 83.59947343524927 1
1.8557547715920866 78.39991459108263 86.54628303857343 1
1.9669282525898741 76.23992278593776 84.9576208985884 1
1.8939016251258782 72.86795652815961 82.51241122718498 1
1.664926069916681 79.34692770812829 86.97986641502804 1
1.8878311531820418 75.33348910099146 85.32328505731076 1
1.891729776681509 78.08593141823899 87.11801357418301 1
1.878989680546408 74.0927465580914 89.28627553407716 1
1.66844131094084 69.89548554503986 83.26624696502974 1
1.7591131924668997 77.04034965278115 86.48604129941099 1
1.9412485846088274 75.90127857389854 82.1842395418575 1
1.6518202267897464 71.02943043983086 86.93337075577396 1
1.7373326261981845 73.89919428321801 85.10190224947718 1
1.9117368676456015 70.56444020250545 84.26532147819115 1
1.8729779698186222 75.34144536949965 79.87286304196374 1
1.686830659653198 74.87872374515811 85.53782908494013 1
1.8346153953868856 71.93387816881963 86.37923988811069 1
1.8306736799621046 74.91660476793595 84.95096434061357 1
1.8771941208750316 74.23606792931714 85.75712709458013 1
1.9241047736567247 73.56350585186908 89.33501967901653 1
2.01089760405114 72.61321591954801 84.86499962617404 1
1.9731327267385326 79.22293633517043 86.75039256915025 1
1.728937607123995 75.61037946327936 83.15859097274996 1
1.7278214698392342 73.5738058786289 86.3204021981543 1
1.6590675814049929 72.91587248180637 83.94398284158144 1
1.7290964471592967 75.10610549785018 84.12439158898168 1
1.940075060696644 76.86801797590816 86.13198284213863 1
1.7792536282450722 79.42438916357673 86.96781326735103 1
1.8224144423388684 72.11664468077352 88.69849100752344 1
1.8791406995920563 77.59637642658714 83.26091239720964 1
1.8569140869544973 76.61446047547601 86.85647030556072 1
1.711084321118422 78.40456894372635 84.85401039660695 1
1.7909186745263665 68.05889405297503 83.14603254701956 1
1.7885776520549708 75.99924803393517 84.3082872990254 1
1.7491279630209005 74.69687491848435 82.31070101520092 1
1.7702936413678252 66.29722209400553 84.25201836468663 1
1.749099967788973 77.15895746279335 84.83759831989343 1
1.8269383714232934 80.09484227144053 84.56498184500285 1
1.7807740142504396 85.7815465926792 87.24000606699074 1
1.869025448437295 69.57747626362091 83.81567530084578 1
1.667923019795841 72.24689668402064 86.7754718529216 1
1.850995661348018 72.36443817963732 86.81063592946585 1
1.8674753229835472 74.2697887954617 83.68604307345745 1
1.8740922660778518 68.90528726429527 86.5479451318076 1
1.7167669489508448 68.55859757190403 84.94525818565066 1
1.9197819894773716 75.37631630863135 87.03453397310801 1
1.6928855150466675 75.20050752173964 85.53888024390479 1
1.8529784154404363 73.11513393192901 82.53614244263706 1
1.7900896358890117 74.22404750146123 85.1078852090803 1
2.0202567821788646 74.70634133576468 82.42813208583576 1
1.6950642417237953 76.52687933760473 84.9739307080375 1
1.8446208979917882 77.99599811387128 81.41761627823199 1
1.8093274758967648 78.93619682883846 84.39887540555024 1
1.7759788228818494 76.3543919161549 81.01737118803229 1
1.783501898589531 72.22827974607097 87.26273843163382 1
1.6326266531701707 70.61285575226175 83.55057684193304 1
1.9376537477046316 76.2240266999352 85.42037296954287 1
1.7969900232673235 70.5022280392601 87.34740714326867 1
1.7516525589219547 75.78815639087962 85.60318350793922 1
1.8925459851209212 73.33324849561667 83.94127803835903 1
2.092716022999314 73.44562784806679 84.03249534110164 1
1.770669403058314 75.13188207987307 84.97933949995533 1
1.832437788622566 77.23238066432782 81.48629077411344 1
1.7367658799660926 71.85941961165811 84.89094750302975 1
1.9555672900263372 71.87872495043017 81.22832172017401 1
1.9017803132003621 75.15965149581993 86.33881266592931 1
1.8295187218395232 75.69128582769876 85.33929913151455 1
1.7757638007728618 73.42251602515101 83.078121375749 1
1.6793043733644608 74.63191590637155 83.55784279515245 1
1.8042715812958556 73.50142547943632 83.16134898131422 1
1.6843457042225383 77.3238829334591 83.72049641220566 1
1.9142213327069577 69.47479325894508 88.95445788397582 1
1.753901043850819 73.91559074777885 84.88070040767656 1
1.9551318460493863 76.72462843601777 88.60800531711168 1
1.8177801502086628 75.47418292964777 84.37073652338097 1
1.7989872401273284 75.40041432370599 81.87873812228729 1
1.9059772409248685 75.936499630777 84.62097197864381 1
1.7722054919587806 72.34104270965572 84.81545521135425 1
1.5948090687541638 73.50754231307361 83.20473527020349 1
2.013783341935933 77.63550759991003 83.84398342216032 1
1.7693085311121495 73.37112987548207 83.95721163806404 1
1.72835495379622 75.69460050758744 82.7992638637197 1
2.0320201397143216 75.50651377694976 82.61435938411064 1
1.7079756659844079 75.9628508583572 86.32636853936285 1
1.8173872308091057 77.07662926986372 87.27870012491427 1
1.686007032021812 69.36174899219894 84.47113687381591 1
1.7856020753146231 74.85633105774069 88.04302018806985 1
1.806300940985293 74.57725594751211 87.4735063727915 1
1.8951681282100772 79.01200547917587 83.03467214356516 1
1.8102057922274377 70.98321278761004 82.18763534082018 1
1.897371676480491 73.52826559632155 88.72136867192205 1
1.854802478659497 72.81095540366417 83.10897397105659 1
1.8721839006799008 72.0222546261912 87.45449687103574 1
1.5842008778497798 76.78729032594832 84.14102100245087 1
1.715376883101068 70.35394695159125 85.80601763073605 1
1.7793027486649373 72.65997631556435 86.26131049274636 1
1.8804339522762055 82.19620515856705 85.2648755110382 1
1.6180619782590093 73.58206474047245 86.55065989521333 1
1.781675645785589 73.6335077330189 85.01804960405288 1
1.6958102175060181 74.97282782561861 84.78597841213643 1
1.8471421278414433 71.75870313389498 84.58209956002787 1
1.7243000785294889 75.44604448704327 84.02829964445974 1
1.9813929000459911 71.99368982177171 85.86266426630749 1
1.8074868233768355 72.89563780944326 84.49088821575911 1
1.8440423832325148 78.25433312344244 86.00870316616952 1
1.7454783252951038 76.90555251750237 83.57848492713302 1
1.7130911533728028 77.93371869106001 84.01087163154172 1
1.5742139981538767 71.58529775393089 84.43210917194014 1
1.704560214007787 76.25106597151257 85.53424428037084 1
1.9025483855251972 71.9024741248205 85.37415569966747 1
1.9035666895922705 78.32696996002241 86.36408163450119 1
1.765593106190097 83.02882728413623 88.76805256064694 1
1.981984258092097 76.23928134106377 86.12872327497163 1
1.8518404517649285 70.77183908570782 86.68478769501799 1
1.8806982899673736 74.14180091119874 84.93662949386675 1
1.9468446080528041 72.06406692333503 80.315259945708 1
1.8426866080402688 72.88787309340162 83.1232979737319 1
1.8283398630183698 79.96039503779026 85.09431410691727 1
1.8778656804959757 69.39987241199401 81.81101182435184 1
1.7681341236119503 73.61752101423772 83.53594525701831 1
1.8490109890181996 70.64004591505523 82.571515384171 1
1.6143412209680896 76.01499435511715 84.97922864748887 1
1.7607139444750566 70.65836666261968 84.6847685620533 1
1.8696841493958873 82.16025149790977 85.29366847274616 1
1.7161918489863923 75.15421560551701 84.48539916207145 1
1.7302171327018112 71.84841132973644 87.14236658195148 1
1.8618378171837402 75.27624528628068 85.61259204247116 1
1.7563604375631239 73.29722551544695 88.16272669777356 1
1.7616493362789214 75.69327901299562 83.55393843525395 1
1.78118538248105 79.59541112661476 85.04200623293497 1
1.8945680201607524 75.57822486009374 83.46726747809726 1
1.7465262133936932 77.31532108963482 82.70379994924521 1
1.9362192575375143 74.46512857544118 87.42741651010611 1
1.7134457109268257 68.76506092646318 86.3569745241101 1
1.8377526744554493 75.12297633985278 82.36433600773958 1
1.8755101210187362 71.95648347816955 85.31391579844936 1
1.702404628049832 67.51100956462005 89.0899000896345 1
1.806474837097318 75.97995810722794 84.40470886271224 1
1.746509436151561 74.60513367163959 83.01920950303358 1
1.8138685410988624 71.41782004886947 86.01265584889131 1
1.8460247288274543 78.30343641212389 85.91841605128332 1
1.7528391003916135 72.1132346080997 85.25140609746795 1
1.6508604859587863 76.91442876150701 82.50852461189324 1
1.7448584047492899 76.68172896515011 81.91621301594107 1
1.795691054541614 76.381860555678 83.33571853302826 1
1.779835129513459 74.71810773999405 87.80463479834557 1
1.6675798922185523 71.73179066704662 84.90036009194388 1
1.7441043963781184 74.79174354392879 86.2835430913142 1
1.7107612765589508 78.07105800964521 86.63782711710355 1
1.7519913232106434 70.2053647355982 84.43422568366715 1
2.0659950927379307 73.09106319591042 83.74268300509428 1
1.6680927965365449 69.16427973839662 83.82200701412746 1
1.7120923241351562 77.62261684514392 86.03437545887464 1
1.7750246861141872 74.65566164225245 86.25322052878364 1
1.6743507722914257 76.64008045764066 85.6954375747926 1
1.735535057693714 74.57091680632298 83.0545151433745 1
1.8278905663420064 74.4300474647769 85.05503720908145 1
1.7293676434576728 74.97026394458076 86.74191309745014 1
1.758424081129065 73.34041507885081 87.63525322401254 1
1.7337397331847986 72.92905262158176 85.25826929511503 1
1.7872357197747233 73.8260793316953 86.3486046925399 1
1.8684361741228106 74.12219988390025 83.65498179152443 1
1.8139542879073534 80.9252696904127 88.43483137959157 1
1.692364313424897 75.61891541844459 85.79523474365072 1
1.7655480315363035 77.0549109657135 84.9977851959896 1
1.6855411428091451 76.33333005753512 83.62151213985241 1
1.8280615391615287 73.58927669736164 81.9459413309498 1
1.9742626363213251 74.63145322301878 82.88954648985788 1
1.8786488003517714 76.96607638041404 83.46714103995171 1
1.867270268113177 78.41273708323544 85.10441194295294 1
1.9226127068328365 74.99260794275564 85.84039897329538 1
1.888952841716077 75.8062260600416 82.55536857756479 1
1.8091522609103146 73.13755786283957 82.32351491733728 1
1.6131391927924754 79.00640655991798 81.83915786118978 1
1.7048903465824983 70.31450943818143 85.18124788418581 1
1.696885956868359 67.81830102257179 85.89048097435308 1
1.9080224160764576 71.79423745147038 84.37293656767096 1
1.9546459938856122 75.62734575949058 83.93488496855632 1
1.9034624364186568 70.65913391052932 82.39783778984759 1
1.6843151499810094 74.08435759267942 84.8422872509237 1
1.9305566115365898 71.88935394809262 82.024704677742 1
1.9488186901045743 76.80260211168246 82.30595759244684 1
1.8621720119234726 69.19135738958195 82.78183159265687 1
1.891156941741033 73.80767606400524 85.34985028191376 1
1.84393987466214 75.1176080701624 85.66434361747109 1
1.7358952004955133 72.64461297578902 84.33433472233098 1
1.851122966312866 74.78458749599564 87.43658009967609 1
1.6436101780241996 73.87894819361358 85.62087082036975 1
1.815060953581069 76.6454275713465 82.47066113101909 1
1.7876902565512645 74.8428101132841 87.10125327576593 1
1.8274215856964242 73.58089872755448 83.70726173939663 1
1.5608074343764706 74.11299113464383 86.80139741314368 1
1.886907492104971 71.14209206340594 85.29602417827 1
1.7358974369088325 73.40566909299724 85.99558051650892 1
1.9185787184684577 73.25059489434275 84.70802665669112 1
1.8134551739999678 72.03127541414571 85.80001284697047 1
1.6690653612053097 76.8495290165596 87.0834441254446 1
1.7875005429693336 74.82872516248936 84.44510114573896 1
2.0256523982932864 77.93944675284828 85.6530008790671 1
1.8060440740166919 76.62685055614058 84.57646592201952 1
1.7747858027339636 76.24183206250835 80.42414599596843 1
1.9579376005896023 72.98012534964386 86.05859842211886 1
1.7681318589878334 78.50331714544944 85.50252149527181 1
1.8545768971155667 72.75117903845563 84.74145413530817 1
1.8140288173806873 77.05435244732617 88.5938999386917 1
1.8397915182224815 75.94157331314427 85.84380300746851 1
1.7507086601714485 78.52463793787116 85.69175286069459 1
1.8602112152051173 74.79454713105254 85.63308529997596 1
1.885983218458354 77.83266285898499 87.47422214694225 1
1.6956679071752903 71.48356992231714 84.12451897415289 1
1.8255404519061758 72.7099938329225 83.65298517983345 1
1.8086854099029013 73.58170440427659 81.78395468634398 1
1.7384605610080557 72.24041900454387 85.82363368899415 1
1.6793077784374197 74.10284860115168 81.49319495779973 1
1.686811039415508 68.71478794382118 84.91947297313513 1
1.7029431849865095 74.5346227857511 83.56599525259668 1
1.6572090413464462 72.70513789282174 85.76089986526885 1
1.8222898708774071 71.30580148481687 85.65360692431526 1
1.8453554581026206 69.84321931425279 83.25552941514266 1
1.6068212826204464 73.65385099995298 83.83963094351587 1
1.8291742837453804 75.87589922826606 88.7138802784163 1
1.7508598684192125 80.17054327985177 83.17152599474176 1
1.6617115265751081 73.91676373190668 83.61920751554199 1
1.5935571563635575 76.64980821675418 85.31055496827389 1
1.8782545551272507 73.66465584194125 88.11662871911072 1
1.8274060290026388 78.23887423438359 88.26392958452341 1
1.712488876946834 73.02002633829717 82.87143990842083 1
1.8847941486062938 76.71628901064844 85.98217908420511 1
1.7761495629602455 68.44646023367358 85.87007545845672 1
1.9405481445393815 67.7452873962118 85.4858715578473 1
1.7606101108016519 71.86814945454918 83.46453904184666 1
1.7945782591628279 74.77709700220653 88.42069905505984 1
1.8025658933534898 76.13011274337582 84.34847467880019 1
1.7106044967553375 74.03362574197715 80.16302115986082 1
1.9630596561392073 72.69233751683723 86.55576405053316 1
1.8794520783412796 66.62762467726785 85.47628945667358 1
1.5366120143061548 71.83687342081885 85.74073649078173 1
1.8818977158154357 76.53000546283968 81.1657490193039 1
1.809795568530883 79.46107309134703 86.27368390344081 1
1.565687764130608 74.25607405709378 84.28336180223246 1
1.809093885487617 73.1367384896324 85.83852260763072 1
1.7693153823028707 73.95457935424014 85.46675618856997 1
1.7861783784028868 73.58314159086488 83.02221486812542 1
1.602949395138684 73.96559577506727 86.94559962721993 1
1.7792230761386596 74.41219684627586 79.6423900741254 1
1.703139553923619 76.88875214962222 84.71069512999267 1
1.8328489424457608 72.63516974115214 87.33255742657563 1
1.7865732867148296 76.02031876376547 89.11268701711501 1
1.7083852457753315 70.73724429665705 84.3274896716032 1
1.766153089796014 70.79318128570891 84.47863228003902 1
1.8208561056352737 67.8363483782537 84.50833484161917 1
1.8011943623338231 77.52370998432023 89.06673507203404 1
1.782461105924449 77.54034715649823 85.25983870884092 1
1.74971292567891 77.20758218704266 87.28239717912366 1
1.7765907470316165 77.31960271396957 85.55416646467945 1
2.0173115126622068 72.29864869310795 88.74594944573741 1
1.6748115760510667 74.4611742384972 87.90247953967274 1
1.5827090899023535 79.06284627589393 83.78870464785273 1
1.7141304078495174 77.15434081059576 84.48336589515841 1
1.8319339987051813 71.61176671556916 86.51820584712797 1
1.6743089340720014 76.28002245911532 87.12430902527302 1
1.8918006787308972 73.73382077472154 84.51644565343595 1
1.8987704886798435 73.55534786556701 85.72993798359855 1
1.69488596330893 73.19722738061583 85.93015131633393 1
1.6910602813652622 75.60539495670126 87.06435540831953 1
1.8159758757682816 75.8790216757385 84.81777870259876 1
1.8024130829926694 71.28367482653091 79.96542837781712 1
1.9426398645660587 76.30393032385494 83.15245726412326 1
1.8029825056687672 81.64513059494996 87.45573194518256 1
1.7773308070527478 73.94713504277985 88.40752597419204 1
1.938835340850995 79.0778766450515 83.80729737034156 1
1.6292242728359556 73.2534403991681 81.6318848105232 1
1.8135761510853907 74.62905508476813 82.39092662098047 1
1.8482208949328862 77.23155027947192 85.44344360103874 1
1.7695244802933765 75.67444792572141 81.04388341069364 1
1.835654329213302 76.74780545438085 83.5665170246052 1
1.7652035004194162 77.32598981917653 85.5960994753883 1
1.9262635402181285 73.61804295512371 84.645420296485 1
1.8005427741225872 73.0622922291732 86.07862819744251 1
1.8656542582533329 78.5225572644838 85.39227302888851 1
1.7154121204552306 79.89820197525984 85.64007416233483 1
1.878480180074265 71.19637211412667 84.57915192414805 1
1.7976520320345062 77.90378149057851 84.03005737344185 1
1.7169540247672666 77.62092833971917 85.76308904091364 1
1.8518274008631792 69.86258266987859 80.47670676372844 1
1.8409226679774542 77.71503307331307 84.58031160892371 1
1.8889875900762596 75.82825689076336 87.73210099801841 1
1.9306478604749717 79.48004417657926 83.24063520254168 1
2.12059887173897 76.1545302838556 85.43970579497231 1
1.9052343908930878 71.17621557206779 85.42572722869392 1
1.7659909377287903 72.881415707587 83.6020515172785 1
1.6311298569910169 76.47025504297841 84.62665060695572 1
1.9247529896730222 76.7901259881558 87.27940733697307 1
1.8149277110973872 73.73545151993815 85.09453462291343 1
1.8047207594293475 72.76598437730745 83.62721620029896 1
1.8334459776020158 70.37687553843003 86.14204287669286 1
1.8801036580221075 75.21350697977202 86.65471736557214 1
1.828977943624256 70.26840986346565 84.18581530799504 1
1.882240023123739 77.98088550945191 86.04611358167668 1
1.7517441499984698 75.28091943438397 86.51692118035314 1
1.9568299793318769 75.85415730515163 82.8764731697222 1
1.812294101829018 75.89390869780199 86.25608161673637 1
1.789775943977687 70.68190158842002 82.96322662948432 1
1.8791021657874998 79.61836355045814 86.86831307690028 1
1.8834779860066169 76.59407796779725 83.11897567189499 1
1.7483030147177665 79.24249438236087 84.25552124795465 1
1.9005342919249144 71.98382665185585 86.49657603784097 1
1.7680575486560832 75.71467246168987 86.69773234858233 1
1.8950300459828944 74.98321222566507 84.84001773522331 1
1.850028538475641 77.27901403017718 82.97821288299183 1
1.7339676630143401 74.21305546629908 86.12972883842811 1
1.9666053157241958 74.07242778084684 84.9108700047835 1
1.911071395448395 74.04574952767233 86.72315392315159 1
1.868367313511369 73.74908961212626 84.85625350940947 1
1.6963702558463845 74.4616708532649 85.01350678796027 1
1.6714569414564306 71.30137332340693 84.03652748636836 1
1.9396105860302966 72.10636743889755 85.19405652107635 1
1.7457026046365405 75.08376679894393 83.31885776385425 1
1.6175330047913035 75.27381231363609 81.78787478075722 1
1.7819672077940756 77.34079653445482 83.1498321048053 1
1.802497308367584 74.15279328351747 85.26485814956565 1
1.8169025530381162 83.33733628858936 85.46839776924507 1
1.9037721181219869 77.37934714683804 89.81309127518075 1
1.7707279627192827 69.7544649112512 83.87395131714577 1
1.7827351627171513 71.31436564675886 85.63133582996751 1
1.8037247064564927 77.08989172672118 83.75912997281708 1
1.7769988081356716 76.13947824920237 82.66327649199492 1
1.7996582583563132 70.33865445225346 84.15270085799801 1
1.7041249676419394 73.65988956864673 86.04958727361847 1
1.6626825785954904 78.97103090055337 85.84773153290836 1
1.809147267192035 74.82590184578127 88.10307488671138 1
1.715441926218168 79.73383775553907 87.68343198695645 1
2.0215294834256956 69.24332147491934 82.71292047329882 1
1.9623607794377693 74.70450401119628 83.26442587013388 1
1.767312157745663 72.47423155071283 85.08833777351602 1
1.9008386157137591 76.72517901822202 85.34811972768362 1
1.8578699690567644 71.49480267568438 86.69142076167915 1
1.733938459539808 73.54349029958233 85.05226284886997 1
1.705539934599689 74.89281086216425 85.56416557525536 1
1.786546089573559 72.56892397752661 85.45547453084613 1
1.6778144703347846 78.01929010210192 81.68205467347022 1
1.8021037210905206 74.42418032490282 87.75403029295227 1
1.9837621486110129 76.4477387550897 85.35367625775876 1
1.8445677347718195 75.64155564364124 84.68502893652173 1
1.9147240927426616 75.27979026918845 82.37652988847378 1
1.8396088796528571 74.04915292122575 86.296359927776 1
1.70775487369852 73.12610206401806 82.03063546308164 1
1.7503211187968397 77.60181704866767 82.66576786537718 1
1.9494150681773337 77.81539370518857 86.57482251027594 1
1.6548220872971404 76.93952320312555 89.42585681744033 1
1.7256956866036461 71.4144104784578 86.84400474140566 1
1.8488560930481894 76.23426085032249 87.56197230844397 1
1.7756487211605094 75.51100942254968 80.87421249396584 1
1.655687352946786 72.00793597263333 81.7528618328901 1
1.6098330038856068 72.95118976060554 84.02860328719305 1
1.783868041644104 75.71131557826565 83.38111312690059 1
1.7223296403965165 75.08782644920065 83.78566864501568 1
1.7564130704920353 73.9338811420822 86.46572712336089 1
1.7306216399028116 77.97446592553543 85.04160173221482 1
1.8985280509189206 77.39526444314848 87.410419812707 1
1.862413975433149 75.49037339267001 86.60357074380786 1
2.010656323953177 70.7638479737459 84.04151741839569 1
1.8016070699268876 75.82335643419214 86.52417569718571 1
1.8012862169678936 73.77597544916843 83.05771846223517 1
1.9228229185671275 78.51751606175227 83.07762680344416 1
1.7557125572146233 77.21420585930842 86.37964127594402 1
1.8388784021892428 76.79785216865588 84.5862949779774 1
1.94823528803218 77.24972816370384 83.07610537339423 1
1.8194856858880315 78.61000702770649 86.64067896673954 1
1.5813450516652057 75.72510905328308 81.16718743840582 1
1.6685881074214262 71.71287779106224 84.81082675398385 1
1.5477097816672798 77.86696039584815 80.74711400335337 1
1.829851962779608 76.77505273621404 84.78012446150585 1
1.7404242921982542 71.06297096030055 85.48873630111083 1
1.9105529284412737 78.39677692843848 86.42509784856539 1
1.7220265840307531 83.98280909014015 78.48871548570858 1
1.8206336994349492 78.85808329482764 89.12041537217361 1
1.7507343750912 73.05408737949999 91.3578159836442 1
1.7951762803689901 76.22440097542449 88.21354157160927 1
1.8143786810316243 73.53554261845058 86.6190560002832 1
1.671723023204168 74.70873307768284 85.09308734698267 1
2.0080247830163116 73.51186725217995 84.89532317156568 1
1.8234875682650111 71.81625899999074 89.33993221559835 1
1.7176770816572575 78.47644138480845 84.0897611685141 1
1.8510289419676127 67.92660459973399 86.87644534856324 1
1.8991641414145797 79.06602076126703 88.19220038197244 1
1.8675854019063591 80.27918149049799 84.20821299747932 1
1.8089833844955252 75.95864535513333 80.93148747889916 1
1.667927811546884 74.81791402602121 87.91258428831229 1
1.8364909679819705 82.38248632499484 88.43170652258878 1
1.8718803441678815 80.41488541850373 86.67340093804609 1
1.7775808866944394 78.7254156105412 83.73460745997018 1
1.8018250063327013 75.01071441277529 86.51609741355429 1
1.689785662487212 73.57210200226342 83.20324805728055 1
1.8466760385991638 72.15190318231069 86.2989449909599 1
1.7484716872776764 74.5456966750013 86.87342192917902 1
1.844203486041517 72.48289848484137 84.47802597905046 1
1.6823395567122013 72.56010980609788 85.54704938134574 1
1.7492048821015393 71.7487120164792 82.12488268588207 1
1.7076345186123647 74.12904521222997 85.55060269271006 1
1.8740656436494991 76.15754753744226 82.24147248607164 1
1.9365309663985568 69.5682057512869 81.47420611757822 1
1.7554995802051274 72.4784110838357 83.91796864391662 1
1.795173383900069 73.55774015780912 86.31640537658805 1
1.7514536423300864 71.53761779392279 82.90607868848463 1
1.8395970540628332 72.0857007887933 84.9351420345597 1
1.7492661017235982 74.46410510033735 85.68106032203083 1
1.7548332901300479 72.78658724382815 87.0284426321329 1
1.8127293755422846 73.5625281561736 86.74978090396955 1
1.5538373842455344 78.76073652931802 84.54100018890756 1
1.7988052898337386 76.39644974537755 83.68994978735401 1
1.835769811991763 73.50450268040974 83.98606236299779 1
1.8890156458780456 79.69544737444046 86.97438636759904 1
1.5517059249665441 74.06690092078998 85.65271370999899 1
1.8206415512326415 70.92243223758845 85.93575594463846 1
1.6995345726980764 80.61361386084386 88.69395199605104 1
1.7993740661930764 76.13332450860668 84.53485787419922 1
1.6452647750279359 76.47947610274883 85.96917225049681 1
1.7789606738366353 76.42081402347503 82.01512764480965 1
1.861599023591456 70.1705397513343 84.71168796721963 1
1.8400162600953085 73.05453457535013 85.40728694756463 1
1.797873420494463 72.7813490156021 84.42226967789746 1
1.8929108175660219 75.89089749736183 84.64046128254867 1
2.003461195611348 77.05142578841503 86.96680476151515 1
1.6934326769465038 69.36152702896489 87.65087316214176 1
1.874230405843718 74.57175353254983 79.58222237475307 1
1.7670285182979615 78.47265454515409 83.52740914949317 1
1.8207475238922275 82.54940044347956 84.60429514314835 1
1.761357741489887 76.05620671895011 88.1344759784325 1
1.805289433415701 70.7044320636204 81.60121560012486 1
1.8680461876967605 73.74526439149385 82.59289728065352 1
1.8185937239206902 80.34991551478822 86.82150385192699 1
1.8288192201501836 74.73314617602223 86.96703653528516 1
1.770474078988704 73.36189707290853 81.08167145613041 1
1.8585609519534965 78.21558622076058 83.86128236873209 1
1.691494826874857 76.0770509216526 84.71728023406584 1
1.8788560257601743 75.53741850751504 82.71547269780402 1
1.8213125895009388 73.5993429310813 84.89511402236855 1
1.7165314758310877 71.96424693549405 88.3412774849259 1
1.765080222611999 76.51606928810278 86.84039310953068 1
1.7901961724882434 74.66366072008671 86.79834135144773 1
1.8060865449439711 72.20274523159412 88.29390132626293 1
1.834751926067564 80.77340224875316 81.42554047439198 1
2.0256961365760766 76.22127324179824 85.62135523003397 1
1.6850786673529616 72.0240262655119 85.67236871106196 1
1.7768595493096997 79.394717658374 85.257222383707 1
1.7252208337638257 78.84455522048744 83.63627670133926 1
1.7161805676319197 68.36568006741857 82.92140468999273 1
1.8805305025263173 74.68744762895138 87.27501665993583 1
1.732433553839945 77.67209057478921 85.60266114793521 1
1.912804597408936 71.24946531654521 82.73314108186554 1
1.6310628154283762 73.67330300422648 85.2305475866046 1
1.8545665637805528 72.06613536032975 86.56877883825611 1
1.8146964221081188 77.28754331153621 86.67339589032227 1
1.6762587809254237 69.59191581198327 84.9510742265993 1
1.7576705536777613 73.45037148569986 81.65529033358911 1
2.025114939267876 71.59926516874047 84.85882352104792 1
1.7300500326884276 70.51586991017436 87.66523648843902 1
1.7569711706870457 79.42224971168831 84.40204985565559 1
1.8360718607320001 77.55209332231175 78.48414487981039 1
1.6940153567103877 79.39291409622969 80.73501569324569 1
1.700730891200319 73.68300478241103 83.2655825483555 1
1.828637483792448 79.05614588135705 82.74360015000255 1
1.6220371126729258 76.04939004977673 85.125808350503 1
1.7945605923281767 73.12251622132615 81.57001201135222 1
1.834596503765324 72.74806978118481 83.11943529664461 1
1.65735001379378 75.6935356087282 85.72438565085855 1
1.8121586025924512 76.74643434010639 89.7578560903867 1
1.7998915575351133 74.78723260193476 83.49014800712378 1
1.891959268640571 74.45860514351111 88.17938920043491 1
1.8677166797539808 77.1645167248597 80.92580684235877 1
1.7063128032614914 74.60727234663241 83.25996203088465 1
1.756224662555165 72.48580418776778 84.9003072053899 1
1.7640886762900094 71.94103078516757 87.00146332293157 1
1.7826908475176493 76.50110781341219 84.04490513014402 1
1.7164294193006517 70.19892868813078 83.50867052323535 1
1.7710320696039508 78.97964811866626 85.35849641430674 1
1.8550968958387233 76.32302575289562 85.03955479261 1
1.7945682954072646 77.46704444101881 87.49763887744241 1
1.7709978002240243 71.25022567297971 84.94918341363133 1
1.9677255854197289 68.23643561773292 85.63981734911162 1
1.7263999633728702 73.11215534043427 84.51800249309503 1
1.7111124628952301 75.71512622782996 83.95715911346511 1
1.8013679095125399 76.2103608168232 85.32241696297794 1
1.857555825373583 75.7440012603233 85.45972377035581 1
1.6798359925551767 75.68683708204227 83.9308952185705 1
1.8382421417069208 72.45710756303227 82.47978315847392 1
1.824011693642427 67.48503113629374 86.65938280640898 1
1.9384368776751433 77.62729583258836 85.06677093873331 1
1.973237941642283 74.72256304188518 87.74814328640838 1
1.7762516063376232 69.30353634385386 82.33735605522452 1
1.9034232540050924 75.36615844211094 86.30345489139853 1
1.9324772231727771 74.90508318208383 85.34845366325408 1
1.8309907983049012 77.57867421918314 84.82695602837335 1
1.8190119808375866 73.08027075833276 83.32282551980688 1
1.8789317872317597 81.04192401780625 86.75359599462178 1
1.9270598517987603 71.84600404511092 85.79115311707649 1
1.8598550450267637 73.7881281373458 85.6668995304663 1
1.8576697892343808 73.5423663000012 85.72634492515473 1
1.7093710596802807 72.83950030814138 83.0928012005944 1
1.8281076627743447 77.12527689098329 83.98308160795008 1
1.814256393129983 75.23866297008747 83.20652782654294 1
1.6427512636712533 74.59027061281127 84.8685255156325 1
1.8803431556210357 77.46446356302341 85.43156269961322 1
1.7516887036361095 71.86548543579062 85.24678587164468 1
1.8405580161207196 77.6994979015417 86.43673257399197 1
1.8375932625248164 77.9877828155523 84.91950240967424 1
1.638046552551959 72.253584290178 84.16200661414332 1
1.9558939778083435 75.2101436492374 84.92085526882144 1
1.6867740163760356 74.01550311924532 88.87921281768769 1
1.8769014382172482 72.92998912730886 85.35063917968819 1
1.838307172249973 78.26818430205394 84.54805447022741 1
1.7976241964576185 73.33673268037298 82.01819992440419 1
1.9313658572016015 77.42836964854561 85.44187205954158 1
1.9506048089574122 71.63054717597277 85.30856974934309 1
1.8126966054388163 77.19175238031632 86.32404846546859 1
1.7655369303937138 76.48261649067416 85.67439970551405 1
1.7606712056989742 73.97932010998761 84.41137566735014 1
1.6635694763720814 72.81495268639152 82.7449293901167 1
1.8462760804742946 74.68787989019998 82.18422566555482 1
1.654615982726854 73.46693824342685 86.30980554884036 1
1.7316515363545648 77.21257708870607 83.60056710893619 1
1.8804982929693626 74.95925078745599 85.87129013388123 1
1.7977041221912142 76.80654031865669 83.3623089325018 1
1.7213929768686427 76.64198608913048 86.02761203086715 1
1.8558152368774399 71.76854239070552 83.85854818775084 1
1.7319011012069905 73.63681900372471 84.41914312288849 1
1.7176676245338072 75.74050346869518 82.4987885489925 1
1.9121755975586268 73.24784216646079 84.78301135090621 1
1.8565906882255618 75.97079609575387 83.80929478271901 1
1.9422372302683655 74.38567813485463 86.24150538233776 1
1.8322908667436206 77.69018597227631 83.31744018824251 1
1.7318643834695553 71.66506653461566 86.31682420151725 1
1.7238870552906398 70.94499392375556 82.39608569210743 1
1.7550843560454312 78.75481056571572 86.34581075727667 1
1.7744574062440435 71.34422439618992 86.08579885456795 1
1.823392221721905 77.79286525679669 83.48526225841024 1
1.6961225922006649 71.4016577353926 85.04066015006876 1
1.6508261136845368 76.23936395838419 84.7058328329878 1
1.8352301904020893 73.62693229643058 83.44021668658313 1
1.8242699398687745 76.14540133402159 85.84506787334416 1
1.9263653247922201 76.80456259798146 84.51518573207011 1
1.8760222920526057 74.55373131585091 83.41258921883603 1
1.7209983610038648 76.89635933245269 86.41961423766595 1
1.8250541926219683 72.78433619562186 84.68488229173997 1
1.9039540169227918 78.60376604306938 90.05509260148665 1
1.9022236455129233 77.76079982711687 82.36536897441539 1
1.8724159870309287 75.15736642820961 84.06368774632635 1
1.8730608868989618 79.51677537812492 82.5331941683295 1
1.7808673724045974 70.2461912340903 84.67084553490609 1
1.8974860000809173 78.7837279228686 86.15497105255402 1
1.6418277780162556 75.51215410127679 80.33975497777364 1
1.9008702024908022 75.41904596829472 88.48904251533642 1
1.9456092563963203 76.90190822216387 88.7615747442238 1
1.6741094121220383 73.55502728353106 86.3876247950183 1
1.8240601040927948 74.96048485927786 86.23202566901041 1
1.699393799082202 74.98660161629552 85.14335922756396 1
1.7154643189942715 74.26812740773674 80.63254050859159 1
1.882977811400757 68.6609824806693 84.29687865841402 1
1.7293064124516915 80.25751423388999 84.42696985691396 1
1.6105062624082485 80.35583909382325 87.53456068623407 1
1.6605265879527011 81.28274374628896 88.43179471771988 1
1.8483550991640536 74.1389369060685 85.63211502000016 1
1.8029469001544025 78.33957838037705 84.38398658933072 1
1.9000469090470335 72.7655240702104 82.60698561159302 1
1.8975654798240187 72.02108524148453 87.75721163339063 1
1.7147250599475388 75.20413280149485 85.39888015135105 1
1.6990957725512192 72.39341181999603 84.15355878792832 1
1.7823301111268672 75.83545887205776 84.28450862837573 1
1.762244818369012 73.69333645475045 82.7892178418536 1
1.8095458707391603 80.57487735264074 85.86060863007658 1
1.7659419152902964 74.87302074806263 82.78830384152515 1
1.8695218070376904 77.35373707619243 84.88048510317647 1
1.792954036029337 76.22559018499227 85.21587380551418 1
1.8628518391256361 75.17893498210007 83.54860286996585 1
1.7768690685980806 73.34847273972706 80.92225466915517 1
1.8750960720436742 73.97606674167825 89.39068451823591 1
1.84165163151321 72.67822223463739 89.44460458535016 1
1.7938713994435507 70.35507892860203 85.19995549205 1
1.8265220858677498 78.23942487175269 86.37253619734557 1
1.7659489453881247 74.29335200968701 81.88454703566556 1
1.833370284519688 76.13373165371732 83.25205799716329 1
1.8968697543719548 72.28954855140975 83.43298373039835 1
1.643624496523027 72.33096920739618 83.69124660163145 1
1.8141691368840196 83.9866633894616 84.86518754158755 1
1.7129511501945445 75.47431519968671 84.20740794274836 1
1.781743200850404 75.09816532006366 88.11212366733328 1
1.8723424524911185 74.15307873481426 82.64451608875994 1
1.7567462086302617 77.42474973414396 85.1095579392727 1
1.610845446105899 72.16261729958285 84.58902658954301 1
1.8038050835135426 75.5977132154597 83.59712704198708 1
1.9471090349837894 79.00521154273466 84.81619422123865 1
1.6593377306510133 70.82220650391636 84.32623959838907 1
1.8888008366169764 75.71934376757815 86.51293542438957 1
1.6413336405640364 77.15291421805458 82.55114937306665 1
1.688924035123778 76.5474414662651 83.72922026389139 1
1.7992825184054124 73.07882673734248 86.63145312599558 1
1.7307628526191732 73.63733909124363 83.56412123861283 1
1.745514441525319 73.94273171475088 84.34488949604014 1
1.8947391211990776 73.30349861352532 84.56150422639821 1
1.6948662199634654 74.7987695083986 84.43183442188993 1
1.8787214963410521 67.51153905521302 86.01721780893466 1
1.5738629426532287 77.18239545883687 85.2524578547713 1
1.9573767617531883 75.19745774069472 82.66490698889392 1
1.7403741471965597 80.49532978651604 81.96412020037437 1
1.7289014140817878 75.94275730791256 85.48311713879926 1
1.7203850523480029 80.89325276754475 88.33139894927317 1
1.7711014961753326 75.55928727691865 81.97268134112767 1
1.6859762751591767 77.18572839183008 83.62051007621847 1
1.8207956653067436 78.77178458886478 81.29875485025677 1
1.863735481992846 75.88855630776747 83.9649067993593 1
1.7866716641294451 77.6291065018643 82.86312910286517 1
1.637733265467972 75.50613875139548 85.25706430146327 1
1.8647404913568715 79.46567090092172 85.37835758858921 1
1.5876686780639213 80.35887463322156 87.49765621612865 1
1.7158054611974125 77.71647603401962 87.02000794467236 1
1.813153615127422 74.74133583104192 86.44442865653505 1
1.7601669854907769 73.42034032855663 84.91771073638425 1
1.9860096991021496 71.73357931200158 84.60712090768372 1
1.755064778261266 71.34801485789555 84.43090372366888 1
1.855919398617154 72.56157028290586 84.33199876326618 1
1.716230225224179 77.82550077512494 84.91067686653314 1
1.9385170931598588 75.52565646127348 86.91831404764714 1
1.770512402752105 75.74885760408398 84.58975034401067 1
1.773712198371077 76.71169891996603 81.44490361775489 1
1.7898314333065783 73.84062364865288 83.30282646864421 1
1.788633291052875 72.45233279134244 85.96048460959707 1
1.8458367323900016 75.39708403761682 87.55715281466101 1
1.862779103019745 70.84337208186281 84.84419400360305 1
1.9278446837720435 77.79822739501404 84.58093594789202 1
1.8615902971633576 70.60950978209115 84.7511348179456 1
1.8417013485997984 74.17260438662137 85.1678850669938 1
1.8170708162724587 77.76928492936065 82.96149628939936 1
1.7278171932979234 77.06160559606184 84.61327941780266 1
1.7732839733711252 73.15844896347792 83.22462193349848 1
1.9124938459569456 72.10425484251017 82.75353907061955 1
1.633349427884381 76.73576675936773 86.54214532897763 1
1.7231648116361538 74.89682962593405 85.8938381808751 1
1.681762423153569 69.54132292789025 86.47806656875076 1
1.8068888382403903 79.46541226437745 85.61599323035679 1
1.9167683500862653 74.13692493251979 84.34263785072683 1
1.988795276646416 77.46632906301 90.12255255733915 1
1.8301645674369178 76.69971761071444 87.71541391862522 1
1.729068162254995 71.97665879194456 83.82749751035826 1
1.8326266040006862 77.28653763529104 83.72748261583783 1
1.8430369809243128 74.48176862698779 81.69198022488001 1
1.7139555625067153 75.29311092590835 80.52284408185878 1
1.67893157037147 76.81087530930148 84.98007053163077 1
1.6489041002977667 73.50031318236167 86.05309155704208 1
1.7678563789676736 78.56510132351829 85.8715977976209 1
1.8046353551418293 72.57682539959107 86.21502784623053 1
1.7617476447991787 79.9108361538434 83.0791422095445 1
1.9534153848671598 80.71947047628822 86.96893644273595 1
1.818511002599725 77.65554657631168 85.59477359128294 1
1.6653849897115023 76.55391116826871 86.05035784037382 1
1.8701706531022668 77.96404343448931 78.80635461476253 1
1.6893155999848977 71.5803277225212 81.95740918525622 1
1.9480819487108472 82.68489684503918 85.01795022119545 1
1.866721015339481 72.10936206435407 88.37478274543237 1
1.8314547359377769 80.28950242096316 87.2892600137275 1
1.765639950892574 78.51304267067877 81.74228252059939 1
1.8112124647497307 72.80088907747084 88.12417936793477 1
1.763438999259074 75.50932675354916 82.3352583489267 1
1.8765397687659662 72.74751321714422 85.11473363441178 1
1.7115740792440772 76.94646584868225 82.34971493862376 1
1.6787655342497867 70.31545741461204 86.58671732555194 1
1.7899216319161702 73.46034903636895 83.63692070210847 1
1.6917234610330398 75.17591217945167 84.11709772048947 1
1.7802415220358332 74.19979216261318 85.2517496478593 1
1.7250760155575504 68.12200562064962 90.84563158698705 1
1.6927352365040778 73.5895502768723 83.33417121712526 1
1.8245175033644723 74.1258896496893 85.0188764970509 1
1.9734687462040352 67.37819521169102 83.18553058246589 1
1.7865792225427721 81.23803603936169 80.34330962743832 1
1.8871557771372338 76.12630033733744 86.78297197966816 1
2.0487429529001773 80.31187390647705 83.69026939124272 1
1.7471569145946466 71.1264181499139 86.42991383256629 1
1.8176130352539206 76.03475185931043 86.21982847325609 1
1.7324094022386216 74.15621176936652 83.72315298051691 1
1.878573527614097 74.19914236029452 88.20152060776176 1
1.8823791337963116 76.90333854340194 83.22278944138611 1
1.7748720382679373 74.67461449741398 84.07709204315785 1
1.8460108345199107 73.26398640867205 86.12616810551063 1
1.7807129676400137 75.76613604251928 83.58353156722632 1
1.6427244120451332 68.84271824384446 84.57858399633862 1
1.6830155276103396 72.31859682938172 87.60908603888743 1
1.7314151405215283 78.84267386676875 85.14709460896236 1
1.8977215615385685 75.2455985671022 83.96495781669277 1
1.8278689526488294 71.93816552335454 85.51293244631906 1
1.7047152848492102 75.27646275698704 86.55813497803504 1
1.787454289767813 77.79734464422356 88.06532481600856 1
1.8074638299982189 75.99105896459103 88.42228527621847 1
1.7270536010623205 76.342871002273 83.91412689112116 1
1.8880176327649714 76.34400602714194 86.13633224832235 1
1.857369805989322 76.54599014644359 85.43787303005902 1
1.757412261554766 78.79397523014924 84.87659645517722 1
1.766418172820793 75.29995346493662 85.9607257266706 1
1.6034408574835535 83.46545748708141 86.15462795895107 1
1.7893886191245527 78.21124792087348 84.3252816426719 1
1.87936814706547 71.13845306959942 83.02868087196128 1
1.768631808060995 77.70238880887814 83.05771441212809 1
1.584143828404586 79.37938012922622 83.75737460931335 1
1.709632284162564 74.78183521161161 87.40389089399909 1
1.6779946060819222 73.19304422097487 84.74155860068467 1
1.7909896034443769 69.85869933059118 85.53761104511449 1
1.8600413207313335 70.3792045850948 87.5650687757441 1
1.800616556248096 72.78508095169964 89.07168516032607 1
1.896892846386139 70.15177641760418 83.90672370939443 1
1.8397444464428743 76.82072994672177 80.65458397939376 1
1.69885245338653 70.74823825766339 86.63225987033536 1
1.7849164289671937 76.83875939454249 89.05692052970127 1
1.5142307221934324 80.75177308538557 84.132743188066 1
1.7966593096290786 79.05997817588121 83.75988572527939 1
1.671934672518924 72.53964275027099 84.90064565626825 1
1.7795555762993025 81.03912471824175 85.13980657074345 1
1.8435285119352869 74.52592397320747 86.65104841307756 1
1.8057346566044676 69.63380610343502 84.5405893347563 1
1.7336867762771433 80.15851759949314 82.85667449706688 1
1.7165510731527058 74.66022082652833 85.59588470911405 1
1.7388878123228886 73.69557575284364 84.22292706391896 1
1.6408192036492337 79.83684657646701 82.54990075338988 1
1.7635350000559764 75.25231306611185 84.8571804524577 1
1.8260541488829538 72.07252840320214 85.45311294003022 1
1.8400683175519534 70.68074721451376 86.29441064139633 1
1.641846998237989 77.23847297573606 86.09198027115153 1
1.848818195830609 72.51801164927699 84.33578800492468 1
1.9609361433681542 75.50612209194468 87.04784002519759 1
1.6788170140310545 74.18534715460666 81.59224211378807 1
1.6303270682680284 76.1434640408371 87.05330578424349 1
1.6389290132163719 74.2337969301 85.14009421006541 1
1.8596136689457186 68.84407609606735 86.43152326493984 1
1.8469391083143822 74.41612452429933 84.128436757001 1
1.823805479516316 73.29182907445227 84.63153101783739 1
1.797494874199446 77.12273465207235 86.12574329440741 1
1.6930986797616359 77.43452218316813 85.61710382024269 1
1.6989338996837038 75.18811859243148 87.32701274750659 1
1.896400899260898 72.91895022220908 86.21115102806215 1
1.8276188344577138 74.16197380264003 81.8196726165382 1
1.8229298165026568 75.54036931518982 86.62996140170046 1
1.7622293020661088 73.81471732258217 85.41544083789451 1
1.8531966297647868 72.36500463596471 84.42146654655784 1
1.8369749591552111 69.94131951703932 88.0453026511044 1
1.8195911712544215 73.52385542197143 85.20373128864874 1
1.9030064463905048 77.51352833969217 85.41912331427804 1
1.7586117336275062 75.31506414582944 84.74875391337623 1
1.8873114638125807 73.27970223191184 82.80472013055518 1
1.6350480825981577 77.78206757947018 82.5200011016212 1
1.9266381013715077 75.39328496275786 84.2623698207614 1
1.9090281692933966 75.12865178595288 86.02567421655812 1
1.7715470627426506 74.1346020937624 88.48266584839628 1
1.709743478743377 71.75429961845394 82.64139214692557 1
1.8128192122250533 69.3924173162536 84.82796764714575 1
1.924666436919741 72.54027525283956 86.07348839882667 1
1.4814183157061571 75.55663981797036 84.35335460612029 1
1.757875455709222 75.11037689646487 84.40797049969859 1
1.7975203471236565 69.68160766586404 87.54566277296486 1
1.8165668617887758 74.32145657456222 82.45971546644252 1
1.876323026129929 76.8583135978174 85.12031130434141 1
1.7397040020642094 71.59051356951649 83.96164686489858 1
1.713619509974018 77.83959788825021 83.78195467551025 1
1.8099940686528548 81.59288550803774 88.17698429279255 1
1.7167287081146025 80.11883959932221 87.11982404821148 1
1.7343122319277295 79.28963636441235 84.58418965350694 1
1.7062352406893122 75.75423787142637 84.77182981885944 1
1.8718321382968535 73.64490888714172 84.21064913585292 1
1.927830531706053 73.01987104689633 87.5887578099057 1
1.7549096717751917 73.15255666026655 87.16050429004426 1
1.8843753342938223 80.0629244936865 83.96921116558354 1
1.8896930499453857 80.45311173745415 87.85969943352094 1
1.9794250859039417 72.84704492164259 85.60331716460418 1
2.0537473377500493 76.48958960097298 85.58907724543455 1
1.9368778770521287 73.28000147235583 82.37841770037323 1
1.9558232255120962 76.00102301361174 86.61493004739913 1
1.7256258812927832 78.36549039899312 82.35454802442368 1
1.6896113422368575 71.24275085369726 83.50443455269043 1
1.746594279321609 75.32878537972972 84.14707102305788 1
1.944683866947022 71.94492216918584 84.02149309168665 1
1.6938465337605237 74.26427130474885 85.97876408851165 1
1.544280412471697 73.12369391073389 85.01282020759827 1
1.8487450944552966 70.97483941715413 84.26455645084029 1
1.7419465859866174 69.73541736754832 84.14598289231193 1
1.732243997306675 77.11864298511988 84.77113846373834 1
1.815496053546209 78.43344471065801 87.2263880765832 1
1.8453989921884137 74.19762064660107 85.22343959181899 1
1.7701922322976393 80.6497364310108 87.45223172171856 1
1.7520823442502311 71.16507701257541 81.69585081692927 1
1.8310170982855958 78.18085447814454 82.32745935967019 1
1.9526538519606162 73.71387747649155 84.28328779685528 1
1.5722381307508102 53.24977762674305 76.23780283252067 0
1.6710324594272643 47.76008490823206 78.21310585991482 0
1.7479145692530653 50.08943568925776 75.41160657614229 0
1.5503571387000672 48.23330653418504 76.68164957851971 0
1.5892971018892528 52.16834475971653 79.67850156137091 0
1.704926171796779 46.3873408825386 77.78524616286687 0
1.6762347985495694 51.456389824496675 77.4276345139408 0
1.5120598554845377 46.47837297341129 80.79879138531673 0
1.5655172325300293 48.461025323386274 78.93487359501708 0
1.5699774893908593 50.57566586939968 78.61347835239714 0
1.3921448962698881 52.53309772334774 80.15609743412898 0
1.6680796597351613 46.5976245498835 75.65504518262273 0
1.533143444408703 56.092393885290804 79.40876398896498 0
1.5743696227710502 48.17468125532131 81.87694100268888 0
1.6589035340389129 47.01763846388989 77.73703500632904 0
1.7119055865734718 51.01371591161986 76.95630022456639 0
1.5650327391830883 53.10400054419597 80.03023814041474 0
1.593484769337353 46.98548126615311 77.03775258397921 0
1.6815447190443844 50.247547979466454 78.23948452694385 0
1.4746959308363787 50.84283348599144 76.77870599382321 0
1.6783088482463833 48.16566227190993 79.92107267669601 0
1.5677388321627046 54.34018985068277 75.69137630276346 0
1.5812745348133839 54.073464741791994 74.57892428633457 0
1.7812627803483725 47.77340807789761 79.43718649503246 0
1.7988895301238685 53.47801409206529 77.65806712838747 0
1.477556433542302 46.12402025543833 79.53910241939217 0
1.5973254105174413 48.21042802041345 75.22002357779604 0
1.7240613386795658 49.20313205252957 77.72502927822268 0
1.5535863062155337 56.86963832528555 80.22365209147438 0
1.7394153998369044 52.00059362305545 78.04940909704756 0
1.6717570742103673 51.597392750431986 75.15330940016067 0
1.3773385289434579 50.93330000684651 79.50626229669007 0
1.6242103077873327 45.03764442616132 79.56177998944825 0
1.4503453295501831 49.4150010464856 76.17531769373116 0
1.612207313531176 49.03906427530358 79.53701464667735 0
1.5870184231517563 46.36758863705969 76.798690020696 0
1.6404744662054496 53.2030338626447 80.13466720259025 0
1.6882332520022652 54.22483938671792 78.88145784145605 0
1.671545053618783 45.208983357878374 82.10717130976803 0
1.7009885497055208 44.651841855794785 73.31972391172458 0
1.4392601052781606 50.83983455663547 74.90414381587422 0
1.4825155636288272 41.578924008301 76.37851371806299 0
1.4918869688498861 50.29530306483078 75.78312304122892 0
1.5475480441545302 53.068271486849696 78.23980014504167 0
1.5306123505309008 50.639839526863724 75.98107285746468 0
1.6416941501855649 46.175357242532726 80.78740848826321 0
1.5940051356900167 51.92487295671289 76.12276402350007 0
1.7899469851332113 55.17497501997928 77.88008389377211 0
1.6038338107617878 51.87353954504398 77.7153247457227 0
1.4923671953869897 44.19077700498582 77.24839682132554 0
1.5669336743949358 54.39649184722988 77.74069018687662 0
1.6631615777801885 47.74493475594579 77.43358058241012 0
1.5451087678250348 50.53219223151093 77.76391454180637 0
1.8130677274321918 46.6990156641052 80.1197658164456 0
1.805898980446467 49.97740366927513 78.98918021191741 0
1.5237908741011463 53.17932621755363 77.67917386378792 0
1.619466739530945 51.250702147708814 75.37414571898451 0
1.7588909957612515 46.36608700000886 76.70471572360512 0
1.488672887251911 45.637334047468954 76.5190600100117 0
1.6817255336091745 53.04816136446945 78.047151013124 0
1.4969235242086667 50.81057287929935 78.10776385934079 0
1.6057587771557664 45.245561441576235 79.93676665141903 0
1.8161320123053124 52.81909783190039 78.38019365697761 0
1.524277943938893 51.316305854239 77.2954481889805 0
1.6170331984019182 51.30582266218798 79.09279729650244 0
1.542268009416992 48.73183273899351 80.14918254127355 0
1.570105081898033 50.48985137333455 75.59875583907748 0
1.7530844268565122 51.395536799556915 78.2364316895867 0
1.6621844856884984 49.086129698271115 79.12259770987015 0
1.58570527136404 50.857096438027696 75.80598762196006 0
1.408656635694114 45.45912846395207 75.47406083831318 0
1.5325473986768667 52.682226013026536 81.48626692278526 0
1.5463274124294375 49.60907420977591 79.13110115462348 0
1.735417316771462 47.10343171724644 78.52125882219545 0
1.6532052872565401 52.19113022562317 77.23555362708566 0
1.7352554990480862 49.38159206819768 78.72221555569129 0
1.587444647092153 51.626391522857816 74.39064271988914 0
1.6037023056928503 49.13506806178408 83.10503933246483 0
1.636871888845713 48.9966300957554 76.1572870397901 0
1.5994374773629803 48.59487343431509 74.79344756848052 0
1.603011467565938 48.81911320626317 82.44546126654461 0
1.505506550149687 45.38178541017773 77.38441664667134 0
1.3823175999378263 45.94551616029631 74.1798343389157 0
1.6919157940073108 49.50146603212131 78.76098421088854 0
1.42146319589647 52.29355385699276 76.35240720341947 0
1.5269449843910663 49.80561954836149 76.93863206645489 0
1.6930142521046039 51.31917927828238 79.46418854408829 0
1.7052967306179345 45.22172953809431 76.241704628012 0
1.601036272933944 49.946940758792444 77.77901585683637 0
1.8167152813745984 47.683954104365235 82.21734929489513 0
1.4738419319666363 48.602025376867026 80.25005648164142 0
1.4667166855275378 48.975578402028425 79.15350067850437 0
1.7889401824710593 49.38850825994227 78.42695991412002 0
1.6513762650140886 48.113472469610336 76.74275187304431 0
1.7097357835740896 51.44251934941759 79.95611564941036 0
1.7936237021080732 49.17742939939294 77.46274804477898 0
1.6027809249147331 50.374789696934705 77.31380994709264 0
1.7633689450770247 45.32658441588651 80.26089815689703 0
1.599865451464064 46.89886776043062 78.12464022835417 0
1.4427086307175738 46.445136974627694 79.99646693857235 0
1.6281049219283332 46.84818652949451 79.86268317266017 0
1.8446000755506025 53.19990752644021 76.0941011461704 0
1.5775624787401965 44.62503339478625 77.17913196677283 0
1.632279815521314 50.539890623587425 79.11917199606184 0
1.7351102622427048 46.54000150757384 79.10795800968891 0
1.570981733490814 42.560347607568296 75.38200821554503 0
1.6378522358025405 50.23573011151798 78.96646490359726 0
1.6189004413568535 53.12403859853706 80.2025745764091 0
1.4962473293554068 45.88567607371961 79.71841621264717 0
1.4985106552528218 53.72441265304195 77.57354133796707 0
1.572489900332139 48.49093230006968 76.58586514665423 0
1.4427165172645104 47.66973465195129 77.39390576064697 0
1.6385311262249806 52.720536166446976 75.3551630405238 0
1.578481921297246 52.930749028211864 77.04673172347223 0
1.5224427185664025 57.600791007419474 80.12839026497514 0
1.4515711059036187 51.98836960881029 78.07199770159114 0
1.613143637243662 50.521601096288855 75.99889820306481 0
1.6244477815079497 52.214049595294625 78.7435086247976 0
1.606876652110747 46.50749250045346 77.74901190531206 0
1.657303500362543 48.485315839921356 78.5613266039647 0
1.5881256001592774 52.868516567017934 81.58856595740804 0
1.6098326174222388 49.06801145693343 77.81371556234062 0
1.650133976535525 50.89402609539799 77.79206977548479 0
1.6333930366908298 49.12987711010184 75.75223238617781 0
1.7141559834840527 49.39449286586129 77.34057718516587 0
1.668325816707707 50.707932329235405 76.51249281223654 0
1.6089244333057897 50.263119023809594 80.90824478049973 0
1.7100154326728094 53.577643404030475 78.25225626885039 0
1.72297622421226 50.437290270162734 75.24165698943442 0
1.6686058900140226 51.280536366936204 78.96400048253744 0
1.6217249495529449 48.729029791870744 73.8964795036183 0
1.5874265376377026 52.780388939955245 78.08139826471154 0
1.5546291824250493 58.89509912078316 80.23249581155316 0
1.5880093489053992 52.615461297256786 78.5090554738006 0
1.6238197824567633 48.00859432449515 79.92785540255905 0
1.6281417296480436 47.945305682613444 78.79688815499073 0
1.6006565559161139 42.414614291464375 80.27042153856021 0
1.5938623658773696 52.56836870765592 77.66279882729332 0
1.5188590905120076 46.00595867594509 79.05841321245451 0
1.515831547515469 51.31606979084354 79.66726466187524 0
1.6253736051552214 52.05941315996192 75.81199124801824 0
1.7149260698270683 53.23883392635596 76.26312402760962 0
1.7004287978452775 45.27115524735734 76.85627368435334 0
1.7754360380828746 47.998487975204355 76.10407087897464 0
1.551572214560774 50.92855515882383 79.42982031554834 0
1.8524884787351237 53.68101508426098 81.52867310802156 0
1.6432452679392289 50.92217763065108 79.73147369217878 0
1.7305929165422778 49.004562657927195 75.68391993149226 0
1.6367101947476486 49.3677678415088 78.84994348201705 0
1.481066861918299 51.52912684483507 79.52393230417631 0
1.7491727126185321 47.329274606000276 73.79305946595045 0
1.5155183111726809 53.95213350705068 77.4047105710864 0
1.6540667502484545 49.97751524458199 79.57496415010105 0
1.4914373266698893 49.505077085101114 79.82279041891233 0
1.5383500667697625 51.87817508453014 78.18982676535785 0
1.7440653631777672 48.255180649405325 76.48966086072673 0
1.7414598500000358 48.01169103114128 79.34251868397796 0
1.5874032512068343 49.67768839198386 76.36322605360122 0
1.653073896700536 53.026429071252466 77.3326923194691 0
1.477263630664658 53.55818514074163 78.13990337555191 0
1.5657643944337247 50.70293377827855 80.01297958809032 0
1.6586107179287606 53.44787976405752 81.7308847523902 0
1.5065567307923733 49.96037034977632 77.61790531821751 0
1.5656946932780929 53.48458862843903 78.46420479049506 0
1.6867317930720254 52.20556260023493 79.89800236686764 0
1.6078826795904078 52.06966356684555 79.95166716365986 0
1.5673992418779348 53.8993652475228 77.08100430564026 0
1.754414388530434 49.813009302838495 75.98558584240581 0
1.608748651829735 52.771188638611825 80.35535157473723 0
1.6982714327762995 52.4627489506733 79.47174806258477 0
1.6247084896413637 46.93705609348975 79.47995954352234 0
1.6638990939647231 44.76010374892317 78.45137112698802 0
1.7102730604168401 49.71019603321302 76.32956451251081 0
1.6421155849471236 44.3486906018784 80.65053054406192 0
1.5628496915079464 46.872402165294766 77.63888327939515 0
1.5533584645028993 54.7220723260658 79.89010754197066 0
1.6821515184718283 51.53878595679526 77.98894487793538 0
1.5532922800956734 55.1856440623638 81.1900857840799 0
1.7855911887411506 49.42049580414708 79.6844331555627 0
1.6272928206958794 50.53575637110584 80.37283047825916 0
1.751503906655008 52.353317346029975 77.29766503698005 0
1.5344658153377857 44.65796822054951 77.1953398965297 0
1.5691873924738267 48.9488902121625 74.6771557892502 0
1.7447034918043336 54.41265411313091 76.97708893977044 0
1.7175422941997975 51.106573667763946 77.98501496676484 0
1.5873106008646425 52.59662617247498 78.54397905960526 0
1.6660134718563715 44.50284270233752 79.55276960899684 0
1.6335090996040629 46.71419141352866 78.6960968490115 0
1.513074927644399 49.600980516364345 75.97032715678789 0
1.534017574071224 46.330935355441994 76.7600868140411 0
1.6495377697975402 52.008850330636385 76.10330281575686 0
1.606463286918156 49.54374512452791 78.74848371403168 0
1.683902252412509 48.286864047328464 75.08495661379357 0
1.6298797976150896 45.18642419561792 79.87389932776367 0
1.6518818575931198 49.79528045978767 78.78669658843195 0
1.641676895586014 50.172124573611846 78.52912878732546 0
1.6592847837539115 51.74757626076335 78.24336314272686 0
1.5482748575565843 49.84476976573216 75.24482646373448 0
1.4203054660877683 47.598775067605004 75.24607194533831 0
1.5669061903600958 50.6669773524661 75.87773302836509 0
1.7545652026252336 48.529557101675266 76.52368641885722 0
1.6524757258277143 48.508891964910134 77.2709694552385 0
1.569256424141689 54.17814873513035 80.82214474082818 0
1.5546433460229205 47.98116741174267 77.55790261321769 0
1.7097719625310446 48.903067094092044 77.81361893790633 0
1.7684865368078495 50.77613484890117 74.68531625337961 0
1.6650082715296892 53.47316494973833 75.42024751491357 0
1.609371110440111 49.09027329116734 82.27359719812875 0
1.676839971178956 50.034505916687465 76.15905041054485 0
1.5846071649221043 49.56323048199859 77.25581934788042 0
1.539687232944666 48.960310286414604 84.51395886282653 0
1.5001367350985502 48.334894091778295 75.98142294762981 0
1.6745762388729724 53.50665375192114 76.56222141195671 0
1.5948118412219405 51.51226566559922 78.28735400336367 0
1.75468038349458 51.6788876113862 77.12206221368763 0
1.523191071263218 48.20823624336899 80.78669735133845 0
1.393897614159896 47.660438385776835 72.62715379346037 0
1.7025307056686176 50.643553460849034 76.81602060628123 0
1.7801366298391963 43.99565398888533 75.43223888239005 0
1.5340511247401865 49.93527195103319 75.8144080875067 0
1.503035385190989 52.01026160915227 77.30123904762466 0
1.4032984158506725 48.13949991660025 82.7066437907365 0
1.521305585302896 56.63940498092357 74.53637213454833 0
1.4404177580818627 48.33510606211523 75.59256239042834 0
1.4756837064674024 48.962976132345325 78.89613860543764 0
1.5383967107423586 49.813370472562696 78.14436304494754 0
1.711384790799783 54.02037325211934 77.25347599409301 0
1.64484015850633 46.23586779246439 79.32686503366803 0
1.7010024063812694 49.773455705905626 78.26996675326207 0
1.7621279164668668 53.458488454423026 77.43162197638965 0
1.6428111519171242 54.603639486397654 74.28195874749761 0
1.5596087713390046 51.06027695975671 75.97453599381781 0
1.6447786395678554 50.27345097455741 78.5647709626554 0
1.3651250394083987 54.86330906511545 79.14673032015747 0
1.5794870289492087 51.62791592366554 77.47076147276053 0
1.690108368508085 49.77122372636074 76.81371944681008 0
1.831688954408818 43.30607562984451 76.4684538268221 0
1.554402297064744 46.13430109709433 78.80356506583577 0
1.6814069502753533 50.62994471016432 76.20134725474378 0
1.664708236820071 47.97131480351855 81.53604751274732 0
1.6216588748420473 49.082546939186386 77.86654873176718 0
1.6390728627945417 50.03921324313948 81.58065285645895 0
1.5887883624164105 51.241531274369954 78.81839859480556 0
1.608992783165068 49.6763261503782 73.2342725002659 0
1.730004947833706 50.117211920831124 76.6491808941682 0
1.578034226666834 52.56853165346839 79.05470898667306 0
1.4856193720075401 49.05446353426539 76.26061762483454 0
1.6718165171923918 46.0502133148267 75.72932287373176 0
1.4195384454135374 47.51426725053681 80.4644181054117 0
1.6644715218122392 49.9601480840723 74.48600518878422 0
1.5918539656446398 45.86105556092133 77.39006745764209 0
1.5469646369441603 58.218405802656434 79.050766016693 0
1.76523436847529 48.68837300863855 77.02377268800352 0
1.6914967424121767 53.04769128169162 78.36781982333281 0
1.7515732195934504 49.12262084318873 78.44580058494488 0
1.59695251051248 47.379769211648735 79.62256155400105 0
1.5484667524584643 52.83168193326941 79.00564050439128 0
1.575925788359919 47.493427999483146 77.46767775801361 0
1.563408268855419 46.8261293003224 78.35070530073233 0
1.648179928678946 48.91656733389362 78.26236165099378 0
1.6550782034518643 51.70608630726609 79.3144533904563 0
1.6369887232478981 50.19756412357933 70.44500179186326 0
1.5371063879214393 54.26351749306326 79.44362224162658 0
1.6240038891322188 51.775259811344334 79.05602969724254 0
1.6644423595533868 53.12187404459793 81.83350514005208 0
1.6490179285059685 49.37135274955128 75.96245272259752 0
1.5076703009722219 55.213905579399935 78.74115407871693 0
1.5122438491907846 45.10157723089425 77.80636817684818 0
1.4864294697002078 46.20660433329534 77.67955887001527 0
1.5874527715263833 52.31043761199563 78.39153419279272 0
1.654345122030773 51.57904987182552 77.65237177106171 0
1.5643473634465805 47.68434386745981 78.99698892894486 0
1.6547825295332772 52.52873495518819 83.63878684095899 0
1.6322968000952702 51.21905878908008 78.10406068822874 0
1.6667743385496134 46.34768475818363 76.46530628845316 0
1.4998861974641755 52.72941288144585 78.74143981772808 0
1.4847242025833047 53.398154504116704 77.62787792199478 0
1.7138139339064158 47.4771192596267 75.38596010795304 0
1.6157776015690526 53.81736077537474 77.90917945369475 0
1.5621201988769264 49.05450232688147 78.54103663456753 0
1.534572888677516 49.81057679950509 79.88440514155926 0
1.6419477799855433 49.653018975792534 77.4131221551811 0
1.4257875135815719 48.595476945947404 80.37605377257748 0
1.5983072487745338 51.70850972518643 77.64874026131692 0
1.6750117904574704 48.663486730841235 75.85454393594753 0
1.6418107030610112 47.63257324083621 75.03597009732604 0
1.596266464646943 52.58165702804983 80.24397252565856 0
1.588580870734335 46.97514817852513 76.45972099430215 0
1.704863389445121 46.663448537041354 79.4240048848802 0
1.6977597749578481 48.12087760515873 81.09114923398998 0
1.5556240817961404 49.91680450936703 78.12145412661835 0
1.5730134021772826 53.19996783560296 78.29849932318167 0
1.385543049824983 51.70598016312004 82.26388042010625 0
1.4839961786979794 50.15393449232244 75.71766338780147 0
1.6181299736595267 51.45626218033305 73.51525716114156 0
1.7617973094959638 48.174028900013134 76.42852037689607 0
1.605792794193095 50.065591344830324 77.5069379398723 0
1.6770498205822983 51.30737811218048 78.72786051125827 0
1.7085968463877095 46.08691589332648 75.41855780796975 0
1.6112183739348784 40.768500958070256 77.28569207598981 0
1.6749464029950758 48.25280006378644 78.36519768475607 0
1.6248417976018128 48.513978898858035 78.4262963715917 0
1.7309991507557252 49.632578209556726 74.9410480773544 0
1.470188518416842 47.31783761704308 77.69705283529184 0
1.6763940734712024 51.55773650128418 80.01619602062055 0
1.7555463072775659 49.56267188150809 77.98255535076738 0
1.6577278980252208 43.94985275764842 80.15102028312255 0
1.7711630231749558 49.29963412189151 80.34682387138068 0
1.7452526076157486 46.366615826465356 78.71699011070586 0
1.7125873481021998 48.07764792483127 80.30246930331381 0
1.6106361375436444 49.34859268491827 74.80381624699123 0
1.7561983205703273 49.660731513297385 76.8696063800811 0
1.6762942127410114 45.34096774264702 76.85667967280942 0
1.700567740516579 46.05512783923858 77.86082737056931 0
1.5408875364290506 53.34684576565299 82.05439443976269 0
1.6539850005201377 46.705062639971274 78.4489758508591 0
1.6247635157174098 41.5168963611688 81.66360328082537 0
1.7909892909254301 43.866240538157314 79.40460890071527 0
1.5730369567970548 49.698520637118506 77.340920570586 0
1.5976478896890667 48.39346599971853 80.15009687754905 0
1.6721709243299105 46.056970503844106 77.4160913980691 0
1.465227654307858 55.55095346323929 76.83059128810257 0
1.7017535803150217 49.07202475021251 77.85498562349328 0
1.6102364302158072 49.18898059032184 73.86385971026723 0
1.599643294252658 53.70073796646096 79.6087749152076 0
1.6235534737405646 49.444057747966326 77.39557703807553 0
1.8335044455394154 50.90701324728187 75.62654162801059 0
1.5964535784697873 54.88382621830627 80.20169488317863 0
1.791050970549474 50.52873464232922 77.68664838251108 0
1.5683897670214266 49.35977729584915 74.50026315678878 0
1.4935335593954293 48.23372505343294 76.9283795344456 0
1.6835464151000528 50.57556468123789 76.00646419171537 0
1.7238884095061475 51.54316792014435 73.72509264117379 0
1.5267311183658436 55.127673107234834 73.99583860592683 0
1.6504844619579575 54.25447371068529 78.66543801648304 0
1.7075165490639073 49.95978494707886 79.44170465202751 0
1.6191453892895615 49.881959446910976 74.59775034209208 0
1.6917652059752222 53.829680640163595 79.73482991080635 0
1.557997134663362 49.97147598216894 78.95113837980759 0
1.6176548215905677 47.90005971975338 82.34439349987501 0
1.4541753359939862 51.22391537595334 80.56156769468501 0
1.635490828485155 48.92134491700544 81.50859287600338 0
1.5540421662417936 50.28236551713108 83.46627718576187 0
1.7781864831956227 46.442627498984265 78.05390162866065 0
1.6507953796668657 50.38136923796623 77.7399003015992 0
1.5842219417448777 44.938849443643186 79.30679454168269 0
1.5498343879158347 50.567344850293864 76.98988168479181 0
1.706717194243781 49.62325051791086 78.99485005668726 0
1.5564093253342448 51.479126215092016 79.8202195020034 0
1.6377613487619354 52.142832714825815 79.84149821007543 0
1.4642680282594593 52.878880447535295 76.57608309988811 0
1.7704383927474747 46.46519221221443 77.09976618011247 0
1.5496410949216668 51.08364577513336 79.17582784716014 0
1.4073262013788364 53.15584783479626 80.67879514046963 0
1.6199095103631567 47.56112167108115 76.70763828156961 0
1.701944771810752 53.53328554538913 78.03592640270001 0
1.4043085717106265 50.71075715055236 77.89367658138289 0
1.5153697284776735 51.42162765033565 78.53640728286096 0
1.4506467152039537 53.60037315784233 74.72573579823239 0
1.6642109498233935 56.22576968906564 80.47306860826828 0
1.6382504664543562 52.8748208742338 77.1779876500222 0
1.6123484778985182 51.858303989778726 78.1622659355023 0
1.6444084065989322 46.0444995294003 78.02170376229721 0
1.7307217794096939 50.196502829368626 76.19197129841531 0
1.5172820850319444 47.84668126685521 78.74193811366223 0
1.6574691363267404 48.63571265366 79.56973488921349 0
1.5265612205719048 48.108862245219136 76.91055612020385 0
1.7154420814322224 50.847328015408976 81.12102499545067 0
1.5408234924211717 45.78508023138691 77.15640155170934 0
1.6523454331674339 53.39465163944003 79.87608567495698 0
1.5754980266133356 48.96008603949835 76.76715261242859 0
1.7122122873539258 56.04884626799023 78.45102549790653 0
1.6392914022667866 49.000511460940544 77.80275696956343 0
1.6754744030838598 50.303392075933644 73.21013445829135 0
1.7683141170369685 48.13692272525138 80.1535713090259 0
1.7492396660024732 47.88413387680456 78.37531931455696 0
1.6298784003005833 47.221834225728884 74.1381429196142 0
1.6981626565804446 49.21595445380711 78.76303070355675 0
1.4431790133160933 50.9315458989946 80.36934195673129 0
1.6755388796650308 45.61212458172915 75.91856128268742 0
1.8259859311804765 53.040247398899815 76.41299978864394 0
1.3978613864491924 50.345570125523295 78.95872675802248 0
1.5660851193271927 52.428084308270265 80.30313203359283 0
1.5913281073869723 52.99784145927981 75.1915684196996 0
1.6946879568146507 54.319133202524945 75.35842422544896 0
1.6669690931995178 47.592572305201585 77.06241765462588 0
1.309952249536462 49.20594971762746 77.81262570161252 0
1.6052354421832102 42.61583759953735 76.98398048454656 0
1.7392962256712252 55.364266391055835 79.64792003601032 0
1.620168416359293 52.85657662716768 79.87607377507922 0
1.7259032524759508 51.18688178244729 80.74174293195851 0
1.745624432727257 54.94387826059858 77.96101289516263 0
1.5168423819708576 50.89354804333155 78.59013396603368 0
1.5008305379202145 52.202566658962105 78.89808586066663 0
1.7299240555749775 48.364956661345005 78.09602570738627 0
1.5742960826911563 44.24882064420509 76.91850124238805 0
1.6801100782421314 44.29264839290466 78.43788911087606 0
1.4878257361258793 46.0781351508509 79.86488721648278 0
1.6119297614956403 52.92832698082897 77.24196316263287 0
1.6251772358572114 54.258390693763644 80.1134551525575 0
1.4959127510787678 48.84922662819849 77.97842283688865 0
1.518720000131244 48.814598337542165 82.3210155939396 0
1.5924297823561178 45.65659856336444 74.99695189407804 0
1.669675807064026 52.23491215520475 74.84340240910342 0
1.7507440453374232 59.83963133477293 80.77219633005201 0
1.7188674427102582 50.1000701428639 75.337148410998 0
1.7194753493031205 54.411072653873994 79.76688431541523 0
1.5631341026368544 47.083885068998576 79.69396729329634 0
1.4018975629410226 52.07861758618118 78.05397950523881 0
1.5279632648276285 55.8089254155234 78.59772512772007 0
1.5858552472046317 50.004338160199794 77.71406021285297 0
1.4262060272117179 53.947478741643565 79.04617917240361 0
1.5864678333345992 50.351207417512306 75.36520670657015 0
1.3377583478916317 52.403008882593866 80.56418194786335 0
1.6202502616656866 47.05276781918108 76.99139065330658 0
1.4870702782485496 48.595400534551594 81.28874093299638 0
1.666507978902633 46.5691211011928 76.62054161599215 0
1.6284514160663208 50.13226945695003 79.43333001139501 0
1.7374101168073526 49.71348053326584 79.26289338654288 0
1.7872794264625365 48.45109122991708 81.12513703676613 0
1.6284943644678846 52.534744372301 77.12227475668388 0
1.5373147018646796 48.262709524538735 76.02525590744395 0
1.6117718311589948 54.95646417949529 74.0033448464796 0
1.6741131106277787 55.503512253801716 80.25802943766617 0
1.6912203984328287 49.82092094391676 78.81829932197435 0
1.6115974653490555 46.8063906435988 82.9318509430313 0
1.7467838972723944 49.27320159865256 77.67860538831354 0
1.5477978839560276 52.5702471832358 76.87230250539022 0
1.616816663930677 49.12089974691144 80.968568876751 0
1.5974010273272852 52.84632990753769 76.52482936690943 0
1.559354547527591 49.948171912781135 77.91548544519233 0
1.6700109365894138 49.447500167806815 78.69241855237516 0
1.682272241946869 48.638327847414274 78.6772531875922 0
1.6432946604121133 55.01688710290406 74.15155532426087 0
1.565669661928046 54.087126967811884 75.46668488053109 0
1.8813811628918686 53.29695422922991 80.09599114089133 0
1.4693530294852994 46.00411989282321 78.86204397252986 0
1.534344811514676 49.58834450073559 76.53002891303326 0
1.586900244720274 51.046919176860094 79.7215049403895 0
1.7386463532413192 49.98532143947966 79.46243218536792 0
1.5628721555198917 50.53556729530682 79.00051280342889 0
1.4491150592635795 44.4739636580253 79.41529867762374 0
1.6090761683105264 52.451401358875685 78.33108664737802 0
1.6347197077200777 51.689296471721185 77.37896278166953 0
1.549761075925693 43.99706700612582 78.60215147690703 0
1.6515504271768222 54.46950550499857 80.27820339153729 0
1.6648465330548499 51.41633130429875 78.60928081578172 0
1.6599852599775315 49.8995575175126 76.82764595529636 0
1.5140908948208232 48.68883211255799 77.65031541947516 0
1.480045422172134 48.286188615917666 78.06404797956118 0
1.5162921701165892 54.492719850378975 77.11668450170696 0
1.4530197750121272 50.29783647999145 76.54558646762592 0
1.5161182172521817 47.41772210798705 81.92405828888512 0
1.6057221964827189 46.112193402228094 77.6531174904764 0
1.6448716066994384 47.10696734504096 77.27060227935037 0
1.5519183295903984 46.000439963903325 80.13718242572807 0
1.5705152447061006 49.59166010640433 76.73844073213992 0
1.8517202202505567 50.70903028003469 78.58428419800917 0
1.4532322467655485 50.56305662200272 78.76910295324944 0
1.6287207410658708 49.34470791087429 77.26880193017776 0
1.5276714785131316 44.16866087024369 77.76808643157426 0
1.617526037207946 49.04296399401721 79.38784959602192 0
1.743695844340858 49.20840963346505 75.64452720613292 0
1.61762674553022 47.29154818726522 76.91138513335439 0
1.5565556968573246 51.20678217530199 76.8474300795016 0
1.5510818727447462 50.290784142415625 83.6415107569984 0
1.6414249075714777 50.36112774169841 77.96690005950921 0
1.5441302479470493 50.09972358818192 80.55288258971731 0
1.6246849295637515 47.984063548057975 76.99715741941658 0
1.7530475191503943 51.075737447208354 76.07758157447206 0
1.5726246640039974 51.52222046955221 75.65964751109729 0
1.7222270423918273 46.018600931094845 76.22714307902636 0
1.4435539228562813 48.97439618705495 78.68338937655 0
1.5727406715772942 49.100778974424536 77.1818415799198 0
1.6336380155412995 48.397820235345414 78.47957428723444 0
1.5903480641606993 54.22609355036427 77.15908641429888 0
1.6750369201209754 51.64814277099641 75.74355232724884 0
1.587141719152619 53.462991661246036 78.09476881259573 0
1.6654085308684652 54.41012479456597 73.09347096108785 0
1.5933258721234425 53.13474218607576 76.11786533413488 0
1.5022851710241105 52.355707403623526 75.21505591387341 0
1.71790129980869 45.69607782067358 80.12915209315362 0
1.6616577665819927 48.700878683817294 80.95351417472199 0
1.6894844660754706 51.16695500991382 77.24406643810211 0
1.5525958785946656 51.70814178945797 75.20711869576506 0
1.6477101762359843 51.19115610610831 75.48611099052168 0
1.7175934600113154 46.64678821352712 80.1712789179943 0
1.6172006269485728 53.19007744358116 78.3484136607499 0
1.7559593947065812 46.44513097431412 77.46078230201105 0
1.6205754084885275 50.35674457430895 78.1922908842141 0
1.78864141811441 49.08134978885281 78.8090953122735 0
1.6872577841049703 52.8762596549747 80.1528327129221 0
1.6195778665437257 44.810574086929066 76.39244785521073 0
1.586123431932982 46.079678349950576 75.79407279669434 0
1.7410237106322515 51.89944325790891 79.1786838096826 0
1.640655507542435 40.6660629502006 77.58567746840576 0
1.6439413320062934 53.03307300939177 79.03094740896518 0
1.6253350808488578 49.91970470776694 78.06762229879587 0
1.5335573125500814 51.641252929866766 80.74108741312301 0
1.5389153345788575 49.64832176923116 77.81919643432711 0
1.4454370355104509 50.509712684565955 75.4088273987247 0
1.7090552166717115 50.722660378052716 76.74728666638798 0
1.5960611185167732 55.91561797888965 79.2030216525862 0
1.6383673112751902 54.01552760895734 82.35693108868658 0
1.6568141851483447 51.224624309791984 77.01748617598108 0
1.5044347318620577 48.52858365673232 77.60288104348658 0
1.3999053962570738 49.86377450291554 74.12715645204791 0
1.6472058352021965 43.45889260527072 76.15776222608498 0
1.654631190562519 53.20076917945327 79.2885373184564 0
1.779285237638725 47.34449910384858 78.2016010356679 0
1.6255299513314856 53.40370810978839 77.99093645408469 0
1.5778633199954133 51.81314900725262 75.62839039725944 0
1.7221311586260808 47.78665661096484 77.7153628130636 0
1.7234329995638125 47.801711751602454 75.50451765332896 0
1.692454218550926 49.96618549350451 76.95728170814996 0
1.8708338948177645 50.274841004127445 77.25956875937416 0
1.6089869046863892 48.293219749689044 79.8545064262134 0
1.6561097919968477 54.424845154480046 77.27582925755564 0
1.570240813034282 51.50630822886448 77.57925342214672 0
1.4194240844186559 43.95595830663918 77.90262424091321 0
1.7188281680595052 49.66007583535843 81.11922744458127 0
1.6087463048944504 49.28012572888828 80.09252190208922 0
1.683608875925848 49.93425313233256 79.86727808192092 0
1.6584281460289343 42.71095004725804 78.74780121171044 0
1.6643615714192728 51.3444223091663 78.15026383862617 0
1.5255407943008548 47.52705281059526 80.89990966594652 0
1.6976583599348172 49.472547620417956 78.38922807986229 0
1.6824392424483496 52.53942227487916 80.70170434758452 0
1.6770649722684101 50.40506265761272 76.00283904887412 0
1.6024958933816305 50.09273447083996 76.08495040660567 0
1.5631453217298736 55.693710136874174 78.15514671286489 0
1.5704343080093848 45.01225709424838 81.52051069249902 0
1.6822480831578592 44.532520028425665 76.93184478568998 0
1.5652489703147825 46.88423748966447 79.19274456950231 0
1.7922577452209156 52.87179530464506 78.78676531093352 0
1.5079886450850115 45.3987161446657 80.05266896429052 0
1.562975231456441 49.880733061853626 80.59019408939616 0
1.703987984844482 53.96437858434873 78.11078777850922 0
1.6523153770427859 52.8494861146862 77.10234386125308 0
1.5205822970457452 52.39296091289873 78.5585473763469 0
1.6879265897039768 48.080346459118346 85.6617196134552 0
1.5026988855176557 50.847584786355064 79.1818706979608 0
1.8608151329726812 50.761281624600656 79.96155946328773 0
1.6431782683909593 53.89809688349055 76.64107195184434 0
1.6211259947421757 47.69368877291521 78.2262155217389 0
1.6273568582576898 45.5242692628024 79.75020271591903 0
1.5260205043656865 47.84153251494406 78.1208917239518 0
1.6801617346498745 52.5275401254257 77.66367186973602 0
1.486050025918205 48.91619643058187 77.98669935145753 0
1.4663106730329805 48.14255644009765 78.87180438529545 0
1.5827443569569517 50.14574571035182 74.71208574707477 0
1.749869977392587 52.76868108211415 78.66462291739866 0
1.7056051556401366 51.66786762427985 76.58961653486583 0
1.6452248770713986 47.273102929230234 81.43422419935355 0
1.5936217510883517 50.72134768449984 77.47175000983816 0
1.517677701099382 52.42225162051358 81.51314730143534 0
1.5974617524493608 42.92523452824511 76.72698140377966 0
1.5122494279748842 49.30326774598197 79.22765084211268 0
1.6551757303355508 49.347710339846444 75.39002325439168 0
1.7360863698662383 51.6946580847328 77.18060301001114 0
1.4682247433121633 51.108098415804584 78.26478924830329 0
1.601303732659063 53.94784991668104 77.74399261953023 0
1.5780906242885684 50.650991627703064 76.43954127839656 0
1.6235073843820476 54.66199630125362 82.56558426705652 0
1.6732975230088134 47.80189976961924 75.88508089653092 0
1.6291134106362206 52.09974517402347 80.073199606812 0
1.6291054135373855 44.48024805448072 80.40362179222595 0
1.6661811303513352 45.49406782309213 77.05666373673739 0
1.657679636267867 46.80517592249814 77.7416452833982 0
1.5796603081156169 49.041383407559245 80.10943331152237 0
1.730582384617022 47.957942477893134 78.88465861396618 0
1.7124758717838078 53.54499952995039 76.63290501523733 0
1.5407380605803545 50.59767700673186 77.65004631181878 0
1.690525687551167 49.5993903424381 79.792440075543 0
1.4762167169804525 48.02327209634924 77.32150472849507 0
1.6738187553920543 46.41671020603193 76.75881271988293 0
1.6561482846785585 49.96295630751792 81.45106987296016 0
1.6059780289232495 48.21092083257656 77.40274389613502 0
1.708653491255494 46.75781482501628 78.82932003646232 0
1.5344401157315217 49.97640532700762 79.39524184797988 0
1.563325058999162 47.25142479996217 78.6884328736054 0
1.6078640162909248 46.032252794819605 82.42236615651876 0
1.5900797406778353 49.33290526939399 79.37296648521138 0
1.833391769062716 47.46713254594725 77.25429736471116 0
1.652398872311999 58.201237199950015 73.69082543750905 0
1.5413490624789488 55.3064910380722 77.14777649101487 0
1.8020723558286385 51.90323922175785 76.87442380999273 0
1.5456642821127329 45.95550577644871 75.78312969686134 0
1.4831758358740117 44.344159863665276 80.92997539115419 0
1.6051585957856518 56.35609996791463 73.88055891843402 0
1.6359210638733461 48.585635978451755 78.12728604014245 0
1.5468418665368286 49.152846040615835 79.62489163314913 0
1.6592482104228556 43.1020097892564 79.12336495435434 0
1.4978316463616446 51.16594437408515 77.63902984844769 0
1.6495514926800146 48.18268904903716 79.59620046780695 0
1.3522863011205062 48.00521334548411 79.11603823249595 0
1.5783979712958656 54.38754827755647 75.83616164055803 0
1.389164781040897 46.2035388769506 80.79394492208178 0
1.6580557331357912 54.170760503359865 77.04084289791315 0
1.5075591684284966 47.04657382062114 77.95836992756102 0
1.3848298996133015 49.38015179200672 76.44314920649313 0
1.5237247229700845 49.94601049174258 78.57894753834226 0
1.7331028872512733 54.13809292334152 77.89483230250623 0
1.7109482444774304 48.368862455909 77.9723335513801 0
1.6151489596677395 44.425831297221876 77.20294587983099 0
1.7090830852621133 44.3895842400661 73.55997211530737 0
1.4919008332287937 49.70301953208109 81.66949544608609 0
1.551094226983345 52.66036322543921 75.9452151405958 0
1.8113692182570007 46.10699489381219 77.17422095665337 0
1.787477436653196 54.83529727875698 75.60989549377082 0
1.7548129539852768 48.69395470658458 77.73281552297996 0
1.737318513665246 49.924317798230874 80.74075896900341 0
1.74927131212434 55.44684189977399 81.48792482199609 0
1.5679622436106377 51.34144615626484 76.2749391107439 0
1.746298900432929 47.63010031262349 82.23428550499497 0
1.6794123508843293 55.02580956622626 78.5791636561348 0
1.62801840479301 48.905081220786386 77.67482638015906 0
1.5348495232283539 47.09770068492213 76.05652612471653 0
1.7108542570996497 51.33037867951645 79.34306144642939 0
1.527405282092161 48.150422891317916 77.20909778469225 0
1.6464495901411198 54.44848579968018 78.81247436177814 0
1.414159153846842 50.83567260855899 77.10637375449662 0
1.713372674675213 48.93131505576494 72.96509685647746 0
1.6781815028464246 50.37965126793996 76.88629840683261 0
1.5703954937905238 47.80297266127692 83.61975721407278 0
1.618955272252318 52.01407143063453 77.22592074573802 0
1.4794861174434382 47.10735039642856 77.3825358134224 0
1.6086590232135516 51.4490379307335 78.59507212016328 0
1.5583380299451828 46.322522608477406 79.64848596675469 0
1.5975425802749468 53.12701045968809 75.37273097278145 0
1.504089088773275 52.73911972376693 75.54726933446244 0
1.6710208644076483 53.399768023324356 80.10876716499844 0
1.590208143028278 50.02743814290755 81.88745739602308 0
1.765816922368189 49.15538874459495 77.56398701970681 0
1.74318354197133 46.129944181786406 77.0181807836886 0
1.5279024491721163 49.42460375666941 74.63591689197699 0
1.6373609456837368 47.90167697927269 78.6580099434721 0
1.7191556116141018 48.24383295606246 78.15257008313091 0
1.7134994751176404 47.25710208239546 78.6179155719347 0
1.536366389936105 50.619541718403184 77.35989194730519 0
1.63245548479346 49.158994765729545 78.89754541802857 0
1.5649449898098786 48.88504768098331 76.71819938045334 0
1.7783765645303409 48.83277756067818 76.29185820610195 0
1.6262234467431023 41.12230875274348 77.54412670866877 0
1.631058212639547 47.82889134866597 77.66966968158755 0
1.742325677698794 46.16728463616682 75.79856991368108 0
1.713117941765836 52.40017416850911 81.90441024494321 0
1.4866718435575341 46.84991169656434 75.22127525776656 0
1.7016910383164645 53.39990087843475 80.07163981889603 0
1.6638777756031458 51.45402733282156 77.53752189989359 0
1.53701496435303 54.99033869801211 81.06536888186359 0
1.622098628119303 51.083766237393014 78.79595470073492 0
1.6475542408909152 51.071655767924916 80.16505382078432 0
1.4892921180165348 50.29730956004898 79.54692387916252 0
1.476731402408989 48.2585742849148 77.33047514440068 0
1.6155746418886234 49.93277599559398 80.17958822034089 0
1.4926883081391307 51.270537906620156 80.54188779841539 0
1.656804382760411 47.30970171980516 78.3884568637462 0
1.6163695940946312 49.026068564624005 76.61299155223469 0
1.6777906547511623 46.3230521656059 78.56269428698067 0
1.538136034975749 49.99716350984632 77.93651787242386 0
1.3794507644689231 53.384609544616275 78.96233523160134 0
1.626367232839537 53.99512266037475 77.52895674034878 0
1.7041788337487023 48.22766543325785 75.00022275062841 0
1.7529215086142158 51.75003075128646 75.0893215617211 0
1.7048329994611082 49.06533831343359 80.68853531205063 0
1.7833129408798785 51.95407925544271 78.18225770762129 0
1.6957543298599733 47.39524085095296 76.38278560128694 0
1.5006931261664596 55.121748126657934 72.57376228006275 0
1.6530700596194345 50.2164167732181 76.47049094974061 0
1.364571371026122 53.99058339085477 78.82786580806449 0
1.5569930795494946 44.24240140982013 76.18242748114079 0
1.5765468846970696 48.45270210819764 79.57958334425126 0
1.5807384799389044 41.88399987421346 74.5212911066681 0
1.8026625738106512 45.32573216099121 80.03564549935294 0
1.6319220775794179 50.22409461411566 79.3014197531767 0
1.751039786263544 43.68268549075523 78.16679654525869 0
1.6509676430777969 51.179611532690714 77.80913225428401 0
1.560432461856972 48.337923287494434 77.76253680903729 0
1.5861530878277448 51.376380827928976 79.3264829953276 0
1.3438586194321254 47.575463627480595 75.26191533896822 0
1.634336024006746 50.17790645654981 76.2595774522052 0
1.4669957676042538 48.892627772106685 77.2929483135983 0
1.684392589299911 49.163985058504934 79.63142051040839 0
1.7225453578928411 51.58068703350405 81.74568060707882 0
1.5881809742814594 51.63405926084142 74.34541944293952 0
1.5763886663858362 49.462616798427604 77.24833730535397 0
1.6201513006599593 48.18916355044408 76.27994295834915 0
1.5748608588488675 49.59973484080729 75.09271082098645 0
1.6708328959862977 50.52625932618708 75.88890133684605 0
1.5840190015242397 48.068884407657535 80.79809340654762 0
1.643667168680759 49.28367346840232 78.3983158769425 0
1.558937648782683 50.31337779939461 78.18069523856879 0
1.757976114753211 47.23038013440017 78.5777875258375 0
1.6091337818596037 52.70355387828957 75.4991475880612 0
1.4586854298833514 53.31080677524926 76.01345200038456 0
1.6008725017007657 47.277880095795624 77.816775379368 0
1.3273206032320772 52.73462251643241 75.3041740533232 0
1.7592137289230751 53.6535802560859 79.81926776964085 0
1.584065348077729 50.054122712730596 78.87894485802997 0
1.743034076993269 53.673431655569196 79.70226186033025 0
1.5440865654772413 52.396211537978374 75.76821323026377 0
1.6305518060724928 50.095944547928205 78.126861488098 0
1.7480033571346436 48.82484349167179 79.92552931024419 0
1.7541343320647858 48.05011470778884 77.17530496560624 0
1.6352293896396615 58.03751716865685 78.34366000156425 0
1.8301996595030725 51.66275034373219 76.56881282534935 0
1.6502287324883065 46.81190714134989 73.24550626436661 0
1.6415826029236498 50.722899931710245 80.05891541723416 0
1.5565127487959796 49.47998586437077 75.39113974321013 0
1.7378040379691295 45.627594109279876 72.729414278073 0
1.5435785749390676 49.95874052271032 76.01447092723035 0
1.7375667808302235 52.12464604139376 80.21914886997105 0
1.4312044680922815 50.43701920031757 75.29285249096071 0
1.5718638601731727 51.40514137251924 77.27417456739774 0
1.5995574319289756 46.69283720958643 78.48224947650631 0
1.5532318102593934 53.10638241371501 79.97698560190616 0
1.633626242902645 53.1088241694966 76.63665713444969 0
1.8132799989324275 53.86791887470428 80.28331621540401 0
1.6838261425309913 51.59534730386801 80.39654643242206 0
1.6087535970945954 52.24116099462512 79.95654896918768 0
1.6913328677359996 53.208166405665374 78.59454662077412 0
1.5898182564767918 50.2308106762927 77.54610672305995 0
1.685835197612686 44.193381646831845 77.04481121588861 0
1.8499346725121202 48.705018147754295 78.01241479499211 0
1.636965119662049 51.86422314760545 78.63483953339248 0
1.545315506041735 48.457702268187575 76.4644858659032 0
1.6101117074929787 49.916561592474864 75.68076429476658 0
1.5830671145441804 48.844259343618376 76.38888386531457 0
1.6202632563515802 50.60859865276965 76.9043196529237 0
1.5386405946310728 46.181063976792984 76.65868107796614 0
1.5270333542994008 50.177696763916444 77.65954364610624 0
1.7180668230498335 47.372360105524166 77.55584011124107 0
1.8629929809382153 54.42035582603222 78.89690995946181 0
1.5935815504524353 43.16371137307728 78.15008902580111 0
1.5222916907597257 51.16272283122818 77.75976995439844 0
1.5667509992711102 49.14759410561492 78.27070739784206 0
1.679684840666724 49.01481639114603 75.83447970701565 0
1.5957759611252493 48.65603862482774 80.3113092661959 0
1.645046343476565 49.96757196158122 80.01880839070394 0
1.638371593069157 53.77242196183666 78.91780960330523 0
1.6725514745973131 45.826559269637904 77.56656608407255 0
1.5474690105599822 54.39723493761559 80.92525540256979 0
1.543755418289884 42.97452206393989 79.70325652372799 0
1.5860687254066015 50.71127484999646 76.71501747915762 0
1.5710220748924286 50.91022521104693 78.19039190956117 0
1.4995261339160737 53.28151419021268 75.15603028316798 0
1.8967955652944766 52.13292440359848 77.12567360273799 0
1.5661718331841656 48.797202115480765 77.92549260612121 0
1.591703760013867 46.28785140971144 78.55485392481685 0
1.6330286770993907 50.17265912082407 77.45129037657054 0
1.7198023623529148 46.16254661851224 75.81437982666199 0
1.6359629754774376 50.753521971566926 78.92852318426668 0
1.572760784253043 47.21995464556129 76.48974397459577 0
1.5827810338390698 44.740817329699944 75.0725003975501 0
1.7500390093641323 50.77740911263647 80.62410475629824 0
1.7325823787451478 51.60304597071414 78.84224581772666 0
1.7015938505539423 49.07080813807548 77.18317631001409 0
1.532522207744127 53.56092565762518 78.9866481642831 0
1.8533655902648545 51.8285966353073 77.00044973524416 0
1.5303462690962077 44.6386194555589 80.91428701859897 0
1.6156351322523912 50.12199056681824 76.70505537855767 0
1.5057934200659537 46.56346885158316 81.54636586996995 0
1.522890105388798 49.04049461016231 80.13124961687753 0
1.655727965577208 49.58768631846725 76.51015906834235 0
1.8448906093934878 45.273399708326174 81.50581400194633 0
1.5632256650811769 57.78139777184418 76.63473873928999 0
1.6190332048668725 54.277051138597216 77.37106397168426 0
1.5571399866884905 46.8511758711691 74.97890950540169 0
1.5550829952287404 51.807956415572875 77.65279194649194 0
1.534879305587656 50.431820230164234 80.71239209671076 0
1.506864607492474 47.61076161753704 76.14073697252984 0
1.6416370483761047 52.79930901310163 77.57100358892652 0
1.5678537444852794 45.83065853292769 76.5613405533595 0
1.6327308199787485 50.67982263415717 80.16311433361942 0
1.6160021982868735 52.21388812325652 82.44975252661756 0
1.5988357250807748 44.76217691249041 78.98376106051984 0
1.5233066757447449 54.58526460957126 77.60878120326467 0
1.8263094135717735 48.93706550415595 80.12982789637113 0
1.5220481772638947 51.69259545541542 81.12722229304487 0
1.7065281004962098 48.10927024067156 78.64754165253336 0
1.695657464503597 53.10975543986227 75.53089759073235 0
1.4909614931611845 48.34218967050841 80.83934309024067 0
1.6065553916418107 49.247924125837166 77.74394073364803 0
1.7645078121811189 48.950455902864476 75.84945101366885 0
1.543418565703863 48.82948527184361 74.5461033575701 0
1.6200691697111755 47.455874265839356 78.61439171086305 0
1.4342125966119672 50.25463951379117 78.16509831937674 0
1.7634207762231342 53.11784692932723 78.44572529351169 0
1.5148381962591249 48.81723109050499 79.15029829770505 0
1.5753451008465262 47.72552834735963 76.05431942548122 0
1.6346481707547242 50.96504862228747 74.75290886059187 0
1.7060959377192118 53.52411396827633 77.7261184459173 0
1.763391448189465 53.96806135675044 76.61881916596971 0
1.646688528162961 57.09247342204158 75.57646339439742 0
1.7142666929351003 51.847458234120566 82.02583790816504 0
1.5528388075298598 51.825813996704625 79.0511912611637 0
1.7606206896635603 49.50802185112444 79.29522527780969 0
1.6567469350389141 50.398070627717175 77.29414568114872 0
1.642489011276197 49.298703422569126 74.82975511200523 0
