1.777489005998267 69.57072567605968 1
1.766498926087318 75.38820060604151 1
1.7519222361043525 67.65414447270304 1
1.6760957053421566 69.67007493404928 1
1.8825805240532545 81.44004082814669 1
1.8108141759177983 76.70515039162309 1
1.9073085299222525 76.26370057671119 1
1.6362072086178225 83.40379613918405 1
1.8125532737590226 67.61427064141286 1
1.7218033921271167 75.98450858318755 1
1.9127888870175913 71.62174743713594 1
1.8459788462451894 72.50488433554541 1
1.727020001469043 71.66792491852223 1
1.5979319511294672 77.46406281343715 1
1.9330289785014523 75.8831561940239 1
1.6786235745108764 74.84056997450685 1
1.8174378046265203 70.48773657823519 1
1.7947063062851503 77.44890312459826 1
1.682130282729653 82.06113570104333 1
1.6726422310135185 75.82289193856047 1
1.7680005863263553 70.35953376638183 1
1.8166157485262626 75.34221514793165 1
1.8832737323618756 89.54231679457568 1
1.795649082816454 67.24667429905669 1
1.9084854094725259 75.83906862100146 1
1.7621952211766814 78.07528508750592 1
1.927012623429652 68.64415382206045 1
1.967280467635901 79.37557052743281 1
1.7813272832175164 73.018266603669 1
1.8692228384648237 74.69337932868744 1
1.7013854824670571 74.00367481095856 1
1.865016391763056 78.60578183080823 1
1.7697233916723392 79.44907741553743 1
1.7884144668688473 71.00520666975068 1
1.8201590296903196 73.6791725745405 1
1.7066697541997158 83.98564616860381 1
1.7694730218628767 70.17445308425852 1
1.8447506149367783 66.12638046596146 1
1.7860406108823315 77.5990656961473 1
1.8216899285254335 82.78794222387302 1
1.6765215421504664 76.05099125564027 1
1.9199651013151253 69.3849518634689 1
1.8259841539366375 79.46657210312235 1
1.8775374086642915 68.59828687775384 1
1.9146305757888609 74.25269012009312 1
1.851108334953582 73.1303070838626 1
1.6791572679422546 76.15279613749043 1
1.915395249380436 66.03459325563219 1
1.8574336062779235 81.5473490975762 1
1.7735506390953333 78.97035939629654 1
1.8360828958757718 70.72890905795767 1
1.8287488400822598 75.7485428468523 1
1.8283709094690563 74.50499259768571 1
1.970404015419993 66.09504797080574 1
1.8992099278969456 78.27750527221235 1
1.7804627547538432 65.86297391870592 1
1.8432312220655311 76.1243989411565 1
1.7781547380001406 71.49587406407983 1
1.7531633009946999 68.9380768215606 1
1.7561153873424151 76.6464746253976 1
1.8350155769864112 69.27330596639618 1
1.8793958734042107 65.78867813313819 1
1.780062280821005 71.01431914185218 1
1.7637334752058489 76.05588835645082 1
1.7735980579834023 83.72349798669802 1
1.7638553773757972 75.05043016777925 1
1.7411423313269367 70.15441095296761 1
1.8368084694731694 75.09007868048818 1
1.8935982565982523 72.68863048737474 1
1.9519026107643012 76.00230753144494 1
1.7214541363117044 68.1226685323053 1
1.8026388611350619 75.63579294688071 1
1.8250982702758338 74.9829918003323 1
1.6761487248654314 78.40866446048031 1
1.7420339499390392 80.48794087440305 1
1.858466548042505 81.54031034114286 1
1.9475678318547807 72.7736481549767 1
1.766603816560355 67.91222435750826 1
1.854052386156436 72.10514901769966 1
1.965560206638079 78.51187665935383 1
1.5852088067898762 53.614886193526196 0
1.6838736701103276 50.77316743216859 0
1.6100853889833022 46.46795878562544 0
1.6137377647502256 52.712675796860566 0
1.7858802101046325 54.19272220421521 0
1.8097570309631927 47.61177870302895 0
1.5665602289461305 51.70905209173116 0
1.5028924925507268 49.74514188688451 0
1.5664893491237348 50.542721241527396 0
1.462900500309068 42.09936292781402 0
1.7438671038033868 47.263495517189476 0
1.3741934814076224 50.8086549404419 0
1.6006307215731481 50.54500630221784 0
1.464726388150573 50.6263183962713 0
1.6409741024019588 47.49229620972939 0
1.6611491896816395 44.54895318410545 0
1.654187289341032 49.473214924127625 0
1.4628354125276992 49.75658731575881 0
1.6254269243531496 46.32112783791125 0
1.4866309839966356 41.6495997141804 0
1.714524626191803 48.80467407007187 0
1.5441647040334248 52.45302266415612 0
1.6693484952173208 48.28058802861926 0
1.5110031938853874 50.7138610950337 0
1.651379775735641 49.842741771987356 0
1.6791771942282063 48.635584319929805 0
1.5682669524480088 46.409776390748746 0
1.8115963955048437 54.128582218881306 0
1.714507800350229 51.211887992880946 0
1.6509243947086525 54.33187709832999 0
1.6196933958074682 47.77923206424445 0
1.515205317729679 52.14662126746548 0
1.8036034848505798 52.55834102003747 0
1.619271359418655 56.561906246353544 0
1.6701643039112393 50.745190505818115 0
1.7710364525671187 51.102972569922436 0
1.7186266026910393 55.94624089041879 0
1.5318612850560156 51.58200025461666 0
1.6307589071838775 47.14725628799668 0
1.4866593928270642 52.77499215718923 0
1.5501694747323271 48.65201295418292 0
1.6676997301178742 49.07456897588811 0
1.6887347324928135 52.48987105538859 0
1.5789725414055902 46.894101729287236 0
1.8027158622926707 47.18003775396822 0
1.7650464511534842 51.361049229152364 0
1.6514338115959135 49.62409443348488 0
1.7019836424448538 51.68394100108699 0
1.669501626153106 52.01301986624142 0
1.5852006333814772 43.24452835137034 0
1.80455583437602 53.780568664979185 0
1.7295806780402272 50.08322411107115 0
1.6028133818591084 45.92373439674887 0
1.6841995694861238 47.989200050705094 0
1.670212058681903 52.492140864468496 0
1.5062716816147352 51.629901818807056 0
1.6489393243353097 55.765230762935516 0
1.701174418409618 52.13745680319371 0
1.6695803831334615 49.22240318285217 0
1.741830792267022 52.48612003748835 0
1.54213696083859 52.01638052744952 0
1.6398281080637038 45.70581150424631 0
1.56891599280949 53.8844203016009 0
1.5521813796610475 49.81453810224691 0
1.6527166977099275 50.609537782966264 0
1.491362817284496 51.93056601182262 0
1.6169706193948807 50.8296909272876 0
1.680745054356306 51.51503121555383 0
1.655826998256359 46.80342824859158 0
1.622192520535616 54.03363268613457 0
1.7464925805958698 49.62956381953242 0
1.601882151236272 48.503230554954094 0
1.5008630327095458 46.27605672517953 0
1.53700893218228 46.277003779481525 0
1.6057548003665363 50.80134149227375 0
1.7606032804827665 44.760682472646934 0
1.5876548447067163 43.437926723930076 0
1.7428390131860685 56.70084226506751 0
1.7208252010744813 53.036871297561916 0
1.6112961489193462 53.72646302663129 0
